y_hat,y,raw_signal,signal,prev_signal,is_trade,trade_log_return,tx_fee_log,trade_log_return_net,equity_curve_net
-0.0005536112,-0.0006392291,-1.0,-1.0,0.0,1,0.0006392291,-0.006018072325563021,-0.005378843243991919,-0.005378843243991919
0.00039722677,0.005721451,1.0,1.0,-1.0,1,0.005721451,-0.006018072325563021,-0.00029662154225070046,-0.0056754647862426195
-0.0059744776,0.016964968,-1.0,-1.0,1.0,1,-0.016964968,-0.006018072325563021,-0.02298304061946828,-0.028658505405710896
0.0038525304,-0.004996515,1.0,1.0,-1.0,1,-0.004996515,-0.006018072325563021,-0.0110145872047301,-0.039673092610440996
-0.007143554,0.006864484,-1.0,-1.0,1.0,1,-0.006864484,-0.006018072325563021,-0.012882556259458847,-0.05255564886989984
-0.004892448,-0.018198766,-1.0,-1.0,-1.0,0,0.018198766,-0.0,0.018198765814304352,-0.03435688305559549
-0.016010322,0.008199436,-1.0,-1.0,-1.0,0,-0.008199436,-0.0,-0.008199435658752918,-0.04255631871434841
-0.012851643,0.008754869,-1.0,-1.0,-1.0,0,-0.008754869,-0.0,-0.008754868991672993,-0.0513111877060214
-0.0070588365,-0.0024935796,-1.0,-1.0,-1.0,0,0.0024935796,-0.0,0.00249357963912189,-0.04881760806689951
-0.004745501,-0.0006236714,-1.0,-1.0,-1.0,0,0.0006236714,-0.0,0.0006236713961698115,-0.0481939366707297
-0.0022147596,0.0006236714,-1.0,-1.0,-1.0,0,-0.0006236714,-0.0,-0.0006236713961698115,-0.04881760806689951
0.00042761164,-0.032998275,1.0,1.0,-1.0,1,-0.032998275,-0.006018072325563021,-0.0390163473373409,-0.08783395540424041
0.0018494595,-0.009724545,1.0,1.0,1.0,0,-0.009724545,-0.0,-0.009724545292556286,-0.0975585006967967
-0.00094511267,-0.025735786,-1.0,-1.0,1.0,1,0.025735786,-0.006018072325563021,0.01971771385910552,-0.07784078683769118
-0.03105193,0.004668626,-1.0,-1.0,-1.0,0,-0.004668626,-0.0,-0.004668626002967358,-0.08250941284065853
0.01010058,0.003983771,1.0,1.0,-1.0,1,0.003983771,-0.006018072325563021,-0.0020343013627584653,-0.084543714203417
-0.007595439,-0.032325123,-1.0,-1.0,1.0,1,0.032325123,-0.006018072325563021,0.026307050179863387,-0.05823666402355361
-0.0010654172,-0.0006854088,-1.0,-1.0,-1.0,0,0.0006854088,-0.0,0.0006854088278487325,-0.05755125519570488
-0.004648562,0.027028164,-1.0,-1.0,-1.0,0,-0.027028164,-0.0,-0.027028163895010948,-0.08457941909071583
-0.0057407217,0.0059823673,-1.0,-1.0,-1.0,0,-0.0059823673,-0.0,-0.005982367321848869,-0.0905617864125647
0.028011002,-0.0006621215,1.0,1.0,-1.0,1,-0.0006621215,-0.006018072325563021,-0.00668019383988712,-0.09724198025245182
-0.010780408,-0.004653108,-1.0,-1.0,1.0,1,0.004653108,-0.006018072325563021,-0.001364964484995194,-0.09860694473744701
0.0036499826,0.00066520856,1.0,1.0,-1.0,1,0.00066520856,-0.006018072325563021,-0.005352863767942377,-0.10395980850538938
-0.0005769199,-0.0013323462,-1.0,-1.0,1.0,1,0.0013323462,-0.006018072325563021,-0.004685726092023738,-0.10864553459741312
0.0014768997,0.0,1.0,1.0,-1.0,1,0.0,-0.006018072325563021,-0.006018072325563021,-0.11466360692297614
-0.00049979845,0.004656206,-1.0,-1.0,1.0,1,-0.004656206,-0.006018072325563021,-0.010674278210675306,-0.12533788513365146
-0.0046181735,0.009904336,-1.0,-1.0,-1.0,0,-0.009904336,-0.0,-0.00990433618426323,-0.1352422213179147
-0.006346839,-0.014560542,-1.0,-1.0,-1.0,0,0.014560542,-0.0,0.014560542069375515,-0.12068167924853918
0.0018907497,0.0006671377,1.0,1.0,-1.0,1,0.0006671377,-0.006018072325563021,-0.0053509346496443825,-0.12603261389818357
-0.0053677484,0.012578578,-1.0,-1.0,1.0,1,-0.012578578,-0.006018072325563021,-0.018596650060092992,-0.14462926395827658
-0.008942819,-0.011913369,-1.0,-1.0,-1.0,0,0.011913369,-0.0,0.011913369409739971,-0.1327158945485366
-0.009473674,0.0072970786,-1.0,-1.0,-1.0,0,-0.0072970786,-0.0,-0.007297078613191843,-0.14001297316172845
-0.008693914,0.02157709,-1.0,-1.0,-1.0,0,-0.02157709,-0.0,-0.02157709002494812,-0.16159006318667657
-0.014660164,0.00837373,-1.0,-1.0,-1.0,0,-0.00837373,-0.0,-0.008373729884624481,-0.16996379307130105
-0.018067937,0.014644892,-1.0,-1.0,-1.0,0,-0.014644892,-0.0,-0.014644891954958439,-0.1846086850262595
0.008747511,0.035397235,1.0,1.0,-1.0,1,0.035397235,-0.006018072325563021,0.029379162978554182,-0.1552295220477053
0.018181976,0.018138323,1.0,1.0,1.0,0,0.018138323,-0.0,0.018138322979211807,-0.13709119906849349
-0.031530056,0.00059826905,-1.0,-1.0,1.0,1,-0.00059826905,-0.006018072325563021,-0.006616341374641247,-0.14370754044313475
0.00065086596,0.010719973,1.0,1.0,-1.0,1,0.010719973,-0.006018072325563021,0.004701900337064676,-0.13900564010607008
-0.01879339,-0.016122691,-1.0,-1.0,1.0,1,0.016122691,-0.006018072325563021,0.010104619007730894,-0.12890102109833917
-0.0050857486,0.0030048164,-1.0,-1.0,-1.0,0,-0.0030048164,-0.0,-0.003004816360771656,-0.13190583745911083
-0.0030830102,-0.007835159,-1.0,-1.0,-1.0,0,0.007835159,-0.0,0.007835159078240395,-0.12407067838087044
0.008074484,0.008435843,1.0,1.0,-1.0,1,0.008435843,-0.006018072325563021,0.00241777025553029,-0.12165290812534015
-0.0017084139,0.020777527,-1.0,-1.0,1.0,1,-0.020777527,-0.006018072325563021,-0.02679559956846196,-0.1484485076938021
-0.0078031225,-0.008260336,-1.0,-1.0,-1.0,0,0.008260336,-0.0,0.008260335773229599,-0.1401881719205725
-0.0093061365,0.02284296,-1.0,-1.0,-1.0,0,-0.02284296,-0.0,-0.02284296043217182,-0.16303113235274433
0.0113883605,0.010940198,1.0,1.0,-1.0,1,0.010940198,-0.006018072325563021,0.004922125529671125,-0.15810900682307322
0.0021109758,-0.015584216,1.0,1.0,1.0,0,-0.015584216,-0.0,-0.015584216453135014,-0.17369322327620823
-0.0067886533,0.009840801,-1.0,-1.0,1.0,1,-0.009840801,-0.006018072325563021,-0.01585887368378598,-0.1895520969599942
-0.00556672,0.01145657,-1.0,-1.0,-1.0,0,-0.01145657,-0.0,-0.011456569656729698,-0.2010086666167239
-0.0047790194,0.024191258,-1.0,-1.0,-1.0,0,-0.024191258,-0.0,-0.02419125847518444,-0.22519992509190834
0.029189892,-0.020213785,1.0,1.0,-1.0,1,-0.020213785,-0.006018072325563021,-0.026231856975531168,-0.2514317820674395
-0.0027472125,0.007909053,-1.0,-1.0,1.0,1,-0.007909053,-0.006018072325563021,-0.01392712533084113,-0.2653589073982806
0.02330093,-0.017599681,1.0,1.0,-1.0,1,-0.017599681,-0.006018072325563021,-0.02361775371787507,-0.28897666111615566
-0.010667495,0.005141655,-1.0,-1.0,1.0,1,-0.005141655,-0.006018072325563021,-0.0111597273087259,-0.30013638842488155
-0.0027740644,0.0,-1.0,-1.0,-1.0,0,-0.0,-0.0,-0.0,-0.30013638842488155
-0.0034309956,0.00227644,-1.0,-1.0,-1.0,0,-0.00227644,-0.0,-0.002276439918205142,-0.3024128283430867
-0.003936231,0.015794104,-1.0,-1.0,-1.0,0,-0.015794104,-0.0,-0.01579410396516323,-0.3182069323082499
-0.0059774844,0.018297508,-1.0,-1.0,-1.0,0,-0.018297508,-0.0,-0.018297508358955383,-0.3365044406672053
-0.008085263,0.00929722,-1.0,-1.0,-1.0,0,-0.00929722,-0.0,-0.009297220036387444,-0.34580166070359275
-0.030819632,-0.019791486,-1.0,-1.0,-1.0,0,0.019791486,-0.0,0.019791485741734505,-0.32601017496185825
-0.0028780634,-0.03330757,-1.0,-1.0,-1.0,0,0.03330757,-0.0,0.03330757096409798,-0.29270260399776027
-0.010215073,-0.025582148,-1.0,-1.0,-1.0,0,0.025582148,-0.0,0.025582147762179375,-0.2671204562355809
-0.012657838,-0.008874481,-1.0,-1.0,-1.0,0,0.008874481,-0.0,0.008874480612576008,-0.2582459756230049
-0.010377396,-0.022230161,-1.0,-1.0,-1.0,0,0.022230161,-0.0,0.022230161353945732,-0.23601581426905915
0.03975321,0.00060798053,1.0,1.0,-1.0,1,0.00060798053,-0.006018072325563021,-0.00541009179392267,-0.24142590606298184
-0.0026189224,0.01506594,-1.0,-1.0,1.0,1,-0.01506594,-0.006018072325563021,-0.021084012422537393,-0.26250991848551924
0.0010266271,0.0023879758,1.0,1.0,-1.0,1,0.0023879758,-0.006018072325563021,-0.0036300965173299985,-0.26614001500284923
0.0036927843,0.014218509,1.0,1.0,1.0,0,0.014218509,-0.0,0.014218509197235107,-0.2519215058056141
0.00006401306,0.005281716,1.0,1.0,1.0,0,0.005281716,-0.0,0.0052817161194980145,-0.2466397896861161
-0.012455573,-0.017711319,-1.0,-1.0,1.0,1,0.017711319,-0.006018072325563021,0.011693246703768187,-0.2349465429823479
-0.008488646,0.0047530695,-1.0,-1.0,-1.0,0,-0.0047530695,-0.0,-0.00475306948646903,-0.23969961246881694
0.0062647657,-0.013728439,1.0,1.0,-1.0,1,-0.013728439,-0.006018072325563021,-0.01974651120213229,-0.2594461236709492
-0.00654558,-0.0042146198,-1.0,-1.0,1.0,1,0.0042146198,-0.006018072325563021,-0.0018034525735433774,-0.2612495762444926
0.0002548024,0.011996854,1.0,1.0,-1.0,1,0.011996854,-0.006018072325563021,0.005978781771088056,-0.2552707944734045
-0.01066485,0.0017891694,-1.0,-1.0,1.0,1,-0.0017891694,-0.006018072325563021,-0.007807241711592265,-0.26307803618499676
-0.00016981782,0.01418357,-1.0,-1.0,-1.0,0,-0.01418357,-0.0,-0.014183569699525833,-0.2772616058845226
-0.00008261204,0.0030582482,-1.0,-1.0,-1.0,0,-0.0030582482,-0.0,-0.0030582481995224953,-0.2803198540840451
-0.007949481,-0.009816601,-1.0,-1.0,-1.0,0,0.009816601,-0.0,0.009816600941121578,-0.2705032531429235
-0.007259908,0.011646289,-1.0,-1.0,-1.0,0,-0.011646289,-0.0,-0.011646289378404617,-0.2821495425213281
-0.001671439,-0.0061133355,-1.0,-1.0,-1.0,0,0.0061133355,-0.0,0.006113335490226746,-0.2760362070311014
-0.007314773,-0.01731648,-1.0,-1.0,-1.0,0,0.01731648,-0.0,0.017316479235887527,-0.25871972779521385
0.0037459033,-0.0006239784,1.0,1.0,-1.0,1,-0.0006239784,-0.006018072325563021,-0.00664205070893649,-0.2653617785041503
-0.006310297,-0.026566386,-1.0,-1.0,1.0,1,0.026566386,-0.006018072325563021,0.020548313897276335,-0.24481346460687398
0.0036115004,0.0051147165,1.0,1.0,-1.0,1,0.0051147165,-0.006018072325563021,-0.0009033558478708939,-0.24571682045474488
-0.019627763,0.00063750404,-1.0,-1.0,1.0,1,-0.00063750404,-0.006018072325563021,-0.006655576364895292,-0.2523723968196402
-0.006356771,0.022684934,-1.0,-1.0,-1.0,0,-0.022684934,-0.0,-0.022684933617711067,-0.27505733043735126
0.05259211,0.0086855935,1.0,1.0,-1.0,1,0.0086855935,-0.006018072325563021,0.002667521167719774,-0.27238980926963147
0.008916887,-0.016817654,1.0,1.0,1.0,0,-0.016817654,-0.0,-0.01681765355169773,-0.2892074628213292
-0.019194491,-0.012006914,-1.0,-1.0,1.0,1,0.012006914,-0.006018072325563021,0.0059888419175390525,-0.28321862090379013
0.0067411717,-0.0019088619,1.0,1.0,-1.0,1,-0.0019088619,-0.006018072325563021,-0.007926934241143949,-0.29114555514493407
0.0015749196,0.008246897,1.0,1.0,1.0,0,0.008246897,-0.0,0.008246896788477898,-0.28289865835645617
-0.0051745656,0.0037828214,-1.0,-1.0,1.0,1,-0.0037828214,-0.006018072325563021,-0.009800893679087944,-0.2926995520355441
-0.0051653255,-0.004414685,-1.0,-1.0,-1.0,0,0.004414685,-0.0,0.004414685070514679,-0.2882848669650294
-0.0007449561,0.0069286395,-1.0,-1.0,-1.0,0,-0.0069286395,-0.0,-0.0069286394864320755,-0.2952135064514615
-0.0004770225,0.003759121,-1.0,-1.0,-1.0,0,-0.003759121,-0.0,-0.0037591210566461086,-0.2989726275081076
-0.0029958992,0.012430636,-1.0,-1.0,-1.0,0,-0.012430636,-0.0,-0.012430636212229729,-0.31140326372033733
-0.007897981,0.005543177,-1.0,-1.0,-1.0,0,-0.005543177,-0.0,-0.005543177016079426,-0.31694644073641676
-0.012600809,-0.003692035,-1.0,-1.0,-1.0,0,0.003692035,-0.0,0.003692035097628832,-0.3132544056387879
-0.0056640618,0.0049196905,-1.0,-1.0,-1.0,0,-0.0049196905,-0.0,-0.004919690545648336,-0.31817409618443626
-0.0002521742,-0.008625408,-1.0,-1.0,-1.0,0,0.008625408,-0.0,0.008625407703220844,-0.3095486884812154
-0.002738995,-0.008701786,-1.0,-1.0,-1.0,0,0.008701786,-0.0,0.008701786398887634,-0.3008469020823278
0.0044887923,-0.001249126,1.0,1.0,-1.0,1,-0.001249126,-0.006018072325563021,-0.007267198367802389,-0.30811410045013016
0.00020857062,0.007472784,1.0,1.0,1.0,0,0.007472784,-0.0,0.0074727837927639484,-0.3006413166573662
-0.0061252452,-0.017522365,-1.0,-1.0,1.0,1,0.017522365,-0.006018072325563021,0.011504292529249602,-0.2891370241281166
-0.018098932,0.010049581,-1.0,-1.0,-1.0,0,-0.010049581,-0.0,-0.010049580596387386,-0.299186604724504
-0.013844747,-0.005640457,-1.0,-1.0,-1.0,0,0.005640457,-0.0,0.005640456918627024,-0.29354614780587696
0.0012921067,0.0037638373,1.0,1.0,-1.0,1,0.0037638373,-0.006018072325563021,-0.0022542350513990598,-0.295800382857276
0.006180332,0.0062417514,1.0,1.0,1.0,0,0.0062417514,-0.0,0.006241751369088888,-0.2895586314881871
-0.0017932034,-0.011892833,-1.0,-1.0,1.0,1,0.011892833,-0.006018072325563021,0.005874760490084104,-0.283683870998103
-0.005324707,-0.009491378,-1.0,-1.0,-1.0,0,0.009491378,-0.0,0.00949137844145298,-0.27419249255665
0.0071186656,-0.00829818,1.0,1.0,-1.0,1,-0.00829818,-0.006018072325563021,-0.01431625239161212,-0.2885087449482621
-0.00021201838,0.009568733,-1.0,-1.0,1.0,1,-0.009568733,-0.006018072325563021,-0.015586805488740987,-0.3040955504370031
0.008385492,-0.029640498,1.0,1.0,-1.0,1,-0.029640498,-0.006018072325563021,-0.035658569965338296,-0.3397541204023414
-0.025408283,0.0,-1.0,-1.0,1.0,1,-0.0,-0.006018072325563021,-0.006018072325563021,-0.3457721927279044
0.0039844513,0.027734062,1.0,1.0,-1.0,1,0.027734062,-0.006018072325563021,0.02171598937752288,-0.3240562033503815
-0.0045302184,-0.0051016696,-1.0,-1.0,1.0,1,0.0051016696,-0.006018072325563021,-0.0009164027458186822,-0.32497260609620016
-0.014236836,-0.013518431,-1.0,-1.0,-1.0,0,0.013518431,-0.0,0.013518431223928928,-0.31145417487227123
-0.005047341,-0.024271026,-1.0,-1.0,-1.0,0,0.024271026,-0.0,0.024271026253700256,-0.28718314861857097
0.000049903523,-0.0073317983,1.0,1.0,-1.0,1,-0.0073317983,-0.006018072325563021,-0.013349870644336528,-0.3005330192629075
-0.0021132312,0.011968756,-1.0,-1.0,1.0,1,-0.011968756,-0.006018072325563021,-0.01798682842013795,-0.3185198476830454
-0.0017906539,-0.0066308263,-1.0,-1.0,-1.0,0,0.0066308263,-0.0,0.006630826275795698,-0.3118890214072497
-0.007803729,0.011904011,-1.0,-1.0,-1.0,0,-0.011904011,-0.0,-0.01190401054918766,-0.3237930319564374
-0.00064213434,0.007206918,-1.0,-1.0,-1.0,0,-0.007206918,-0.0,-0.007206918206065893,-0.3309999501625033
0.011344428,-0.02914178,1.0,1.0,-1.0,1,-0.02914178,-0.006018072325563021,-0.035159852314567155,-0.3661598024770704
0.00825612,-0.026558738,1.0,1.0,1.0,0,-0.026558738,-0.0,-0.026558738201856613,-0.39271854067892703
-0.0039685587,0.010980758,-1.0,-1.0,1.0,1,-0.010980758,-0.006018072325563021,-0.016998830210244245,-0.40971737088917126
-0.032277547,0.0047678757,-1.0,-1.0,-1.0,0,-0.0047678757,-0.0,-0.004767875652760267,-0.41448524654193153
-0.019604977,0.011481872,-1.0,-1.0,-1.0,0,-0.011481872,-0.0,-0.011481871828436852,-0.4259671183703684
-0.0077411523,-0.015567437,-1.0,-1.0,-1.0,0,0.015567437,-0.0,0.015567436814308167,-0.4103996815560602
0.0013960907,0.013550781,1.0,1.0,-1.0,1,0.013550781,-0.006018072325563021,0.007532708387995176,-0.402866973168065
-0.004751383,-0.007429399,-1.0,-1.0,1.0,1,0.007429399,-0.006018072325563021,0.0014113267363850398,-0.40145564643167997
0.0005324697,-0.00885342,1.0,1.0,-1.0,1,-0.00885342,-0.006018072325563021,-0.014871492009436674,-0.41632713844111663
0.0029160846,0.006817604,1.0,1.0,1.0,0,0.006817604,-0.0,0.006817603949457407,-0.4095095344916592
-0.0020338625,-0.008871542,-1.0,-1.0,1.0,1,0.008871542,-0.006018072325563021,0.002853469964290075,-0.40665606452736913
-0.0040480923,0.055329144,-1.0,-1.0,-1.0,0,-0.055329144,-0.0,-0.05532914400100708,-0.4619852085283762
-0.0025880178,-0.030954575,-1.0,-1.0,-1.0,0,0.030954575,-0.0,0.030954575166106224,-0.43103063336227
-0.013867353,0.0066676172,-1.0,-1.0,-1.0,0,-0.0066676172,-0.0,-0.006667617242783308,-0.4376982506050533
0.025285989,-0.005998994,1.0,1.0,-1.0,1,-0.005998994,-0.006018072325563021,-0.0120170665493365,-0.4497153171543898
-0.0052900454,-0.007379557,-1.0,-1.0,1.0,1,0.007379557,-0.006018072325563021,0.001361484680498056,-0.4483538324738917
0.0026901886,-0.010153062,1.0,1.0,-1.0,1,-0.010153062,-0.006018072325563021,-0.01617113403586108,-0.4645249665097528
0.0011533657,0.010826185,1.0,1.0,1.0,0,0.010826185,-0.0,0.01082618534564972,-0.45369878116410306
0.0020534974,-0.030057589,1.0,1.0,1.0,0,-0.030057589,-0.0,-0.03005758859217167,-0.48375636975627473
-0.024890993,0.03542633,-1.0,-1.0,1.0,1,-0.03542633,-0.006018072325563021,-0.04144440214691121,-0.5252007719031859
0.0065093786,-0.023020383,1.0,1.0,-1.0,1,-0.023020383,-0.006018072325563021,-0.029038455296134538,-0.5542392271993205
-0.0111909835,-0.0075622057,-1.0,-1.0,1.0,1,0.0075622057,-0.006018072325563021,0.001544133335525207,-0.5526950938637953
-0.014916695,-0.0104066245,-1.0,-1.0,-1.0,0,0.0104066245,-0.0,0.010406624525785446,-0.5422884693380099
-0.02241145,-0.0027930895,-1.0,-1.0,-1.0,0,0.0027930895,-0.0,0.002793089486658573,-0.5394953798513513
-0.0019226149,-0.0020999487,-1.0,-1.0,-1.0,0,0.0020999487,-0.0,0.002099948702380061,-0.5373954311489713
0.0019061337,-0.0042131734,1.0,1.0,-1.0,1,-0.0042131734,-0.006018072325563021,-0.010231245733624286,-0.5476266768825956
-0.0007646526,0.009106211,-1.0,-1.0,1.0,1,-0.009106211,-0.006018072325563021,-0.015124283689832277,-0.5627509605724279
-0.0023365316,-0.0048930384,-1.0,-1.0,-1.0,0,0.0048930384,-0.0,0.004893038421869278,-0.5578579221505586
-0.0028681096,0.009762251,-1.0,-1.0,-1.0,0,-0.009762251,-0.0,-0.009762250818312168,-0.5676201729688708
0.00019081915,0.01720048,1.0,1.0,-1.0,1,0.01720048,-0.006018072325563021,0.01118240695836585,-0.556437766010505
-0.005291055,-0.00959497,-1.0,-1.0,1.0,1,0.00959497,-0.006018072325563021,0.003576898057187013,-0.552860867953318
-0.008276478,0.0318568,-1.0,-1.0,-1.0,0,-0.0318568,-0.0,-0.031856801360845566,-0.5847176693141636
-0.064987846,-0.004681795,-1.0,-1.0,-1.0,0,0.004681795,-0.0,0.0046817949041724205,-0.5800358744099912
0.04157177,0.0026771787,1.0,1.0,-1.0,1,0.0026771787,-0.006018072325563021,-0.003340893616726585,-0.5833767680267178
0.010893955,0.009315497,1.0,1.0,1.0,0,0.009315497,-0.0,0.009315497241914272,-0.5740612707848035
-0.016470162,-0.01871715,-1.0,-1.0,1.0,1,0.01871715,-0.006018072325563021,0.012699076946998053,-0.5613621938378055
0.0031474596,0.021362456,1.0,1.0,-1.0,1,0.021362456,-0.006018072325563021,0.015344383236194067,-0.5460178106016115
-0.0065590064,0.009859435,-1.0,-1.0,1.0,1,-0.009859435,-0.006018072325563021,-0.015877507585858888,-0.5618953181874704
0.029030237,0.033443853,1.0,1.0,-1.0,1,0.033443853,-0.006018072325563021,0.02742578093352359,-0.5344695372539469
0.0039069643,-0.04330329,1.0,1.0,1.0,0,-0.04330329,-0.0,-0.04330328851938248,-0.5777728257733293
0.009333458,0.004612514,1.0,1.0,1.0,0,0.004612514,-0.0,0.004612513817846775,-0.5731603119554826
-0.022659466,-0.024626452,-1.0,-1.0,1.0,1,0.024626452,-0.006018072325563021,0.01860838015022319,-0.5545519318052594
-0.02576371,-0.024557466,-1.0,-1.0,-1.0,0,0.024557466,-0.0,0.024557465687394142,-0.5299944661178653
0.10756198,0.015759423,1.0,1.0,-1.0,1,0.015759423,-0.006018072325563021,0.00974135104956668,-0.5202531150682986
-0.032667972,0.020189025,-1.0,-1.0,1.0,1,-0.020189025,-0.006018072325563021,-0.02620709683356244,-0.5464602119018611
0.0015555895,0.0059776483,1.0,1.0,-1.0,1,0.0059776483,-0.006018072325563021,-0.00004042401519972847,-0.5465006359170609
-0.042932928,-0.00066242134,-1.0,-1.0,1.0,1,0.00066242134,-0.006018072325563021,-0.005355650983577557,-0.5518562869006385
-0.006077178,0.005946054,-1.0,-1.0,-1.0,0,-0.005946054,-0.0,-0.005946054123342037,-0.5578023410239805
0.0013520052,0.01503815,1.0,1.0,-1.0,1,0.01503815,-0.006018072325563021,0.009020078037107401,-0.5487822629868732
-0.0014661564,-0.0058570453,-1.0,-1.0,1.0,1,0.0058570453,-0.006018072325563021,-0.00016102702898342178,-0.5489432900158566
-0.0032159146,0.025774065,-1.0,-1.0,-1.0,0,-0.025774065,-0.0,-0.025774065405130386,-0.574717355420987
-0.020204829,-0.012160611,-1.0,-1.0,-1.0,0,0.012160611,-0.0,0.01216061133891344,-0.5625567440820736
0.015231567,0.015969856,1.0,1.0,-1.0,1,0.015969856,-0.006018072325563021,0.009951783385301047,-0.5526049606967726
-0.00019506644,-0.015324821,-1.0,-1.0,1.0,1,0.015324821,-0.006018072325563021,0.009306748438799792,-0.5432982122579728
-0.01002821,0.011515576,-1.0,-1.0,-1.0,0,-0.011515576,-0.0,-0.011515576392412186,-0.554813788650385
-0.004127197,-0.0102295,-1.0,-1.0,-1.0,0,0.0102295,-0.0,0.010229500010609627,-0.5445842886397754
0.0042922916,-0.014892086,1.0,1.0,-1.0,1,-0.014892086,-0.006018072325563021,-0.020910158712243623,-0.565494447352019
-0.010801865,0.033988703,-1.0,-1.0,1.0,1,-0.033988703,-0.006018072325563021,-0.04000677536783177,-0.6055012227198509
-0.019942973,-0.0031573265,-1.0,-1.0,-1.0,0,0.0031573265,-0.0,0.0031573264859616756,-0.6023438962338892
-0.009497121,0.020657789,-1.0,-1.0,-1.0,0,-0.020657789,-0.0,-0.020657788962125778,-0.623001685196015
-0.04342889,0.004327347,-1.0,-1.0,-1.0,0,-0.004327347,-0.0,-0.004327347036451101,-0.627329032232466
0.013543329,-0.013039962,1.0,1.0,-1.0,1,-0.013039962,-0.006018072325563021,-0.019058034714138097,-0.6463870669466042
-0.009842779,-0.00438427,-1.0,-1.0,1.0,1,0.00438427,-0.006018072325563021,-0.0016338023876901345,-0.6480208693342944
-0.008839316,0.013096886,-1.0,-1.0,-1.0,0,-0.013096886,-0.0,-0.01309688575565815,-0.6611177550899525
-0.010682614,-0.0031024674,-1.0,-1.0,-1.0,0,0.0031024674,-0.0,0.003102467395365238,-0.6580152876945873
-0.0007071695,-0.05165336,-1.0,-1.0,-1.0,0,0.05165336,-0.0,0.051653359085321426,-0.6063619286092659
0.023594584,0.0026141834,1.0,1.0,-1.0,1,0.0026141834,-0.006018072325563021,-0.003403888974165507,-0.6097658175834314
-0.0078073246,0.017470585,-1.0,-1.0,1.0,1,-0.017470585,-0.006018072325563021,-0.02348865750787217,-0.6332544750913036
0.0040543405,0.015908863,1.0,1.0,-1.0,1,0.015908863,-0.006018072325563021,0.009890791069889479,-0.6233636840214142
-0.010645076,-0.035993632,-1.0,-1.0,1.0,1,0.035993632,-0.006018072325563021,0.029975559603596144,-0.5933881244178181
-0.0050525228,0.008471228,-1.0,-1.0,-1.0,0,-0.008471228,-0.0,-0.008471228182315826,-0.6018593526001339
0.024142306,0.012895495,1.0,1.0,-1.0,1,0.012895495,-0.006018072325563021,0.006877422373915128,-0.5949819302262188
-0.0068351896,-0.01810006,-1.0,-1.0,1.0,1,0.01810006,-0.006018072325563021,0.012081988196993285,-0.5828999420292256
-0.0065465355,-0.009175089,-1.0,-1.0,-1.0,0,0.009175089,-0.0,0.009175089187920094,-0.5737248528413055
-0.0047804853,-0.009923254,-1.0,-1.0,-1.0,0,0.009923254,-0.0,0.009923254139721394,-0.5638015987015841
-0.021690626,0.004643109,-1.0,-1.0,-1.0,0,-0.004643109,-0.0,-0.0046431091614067554,-0.5684447078629908
-0.021272503,0.0019833231,-1.0,-1.0,-1.0,0,-0.0019833231,-0.0,-0.001983323134481907,-0.5704280309974727
-0.000010787044,-0.0059618093,-1.0,-1.0,-1.0,0,0.0059618093,-0.0,0.005961809307336807,-0.5644662216901359
0.00061159115,-0.016075587,1.0,1.0,-1.0,1,-0.016075587,-0.006018072325563021,-0.022093659225678033,-0.586559880915814
0.0067634275,0.02599228,1.0,1.0,1.0,0,0.02599228,-0.0,0.02599227987229824,-0.5605676010435158
-0.013479908,-0.0046155555,-1.0,-1.0,1.0,1,0.0046155555,-0.006018072325563021,-0.001402516808187552,-0.5619701178517034
0.0052059134,-0.033605676,1.0,1.0,-1.0,1,-0.033605676,-0.006018072325563021,-0.039623748469924516,-0.6015938663216279
0.03614335,0.0129038915,1.0,1.0,1.0,0,0.0129038915,-0.0,0.012903891503810883,-0.588689974817817
-0.0042490214,-0.010855563,-1.0,-1.0,1.0,1,0.010855563,-0.006018072325563021,0.004837490659380369,-0.5838524841584367
0.01429255,-0.00068231026,1.0,1.0,-1.0,1,-0.00068231026,-0.006018072325563021,-0.006700382584998347,-0.5905528667434351
0.015069387,0.0020455357,1.0,1.0,1.0,0,0.0020455357,-0.0,0.0020455357152968645,-0.5885073310281382
0.00071570184,0.0013613696,1.0,1.0,1.0,0,0.0013613696,-0.0,0.0013613696210086346,-0.5871459614071296
-0.0027628844,-0.0027245951,-1.0,-1.0,1.0,1,0.0027245951,-0.006018072325563021,-0.003293477190485187,-0.5904394385976148
0.0007939115,-0.0027320387,1.0,1.0,-1.0,1,-0.0027320387,-0.006018072325563021,-0.008750111056318469,-0.5991895496539333
-0.0013263719,-0.015162593,-1.0,-1.0,1.0,1,0.015162593,-0.006018072325563021,0.009144520428204947,-0.5900450292257284
-0.0013699858,-0.003478006,-1.0,-1.0,-1.0,0,0.003478006,-0.0,0.0034780059941112995,-0.5865670232316171
-0.005848927,-0.0027911405,-1.0,-1.0,-1.0,0,0.0027911405,-0.0,0.0027911404613405466,-0.5837758827702766
0.0080008805,0.022798691,1.0,1.0,-1.0,1,0.022798691,-0.006018072325563021,0.01678061861934703,-0.5669952641509296
-0.0016502393,-0.005479057,-1.0,-1.0,1.0,1,0.005479057,-0.006018072325563021,-0.0005390154717620091,-0.5675342796226917
0.0010290751,0.0068441434,1.0,1.0,-1.0,1,0.0068441434,-0.006018072325563021,0.0008260710576419158,-0.5667082085650498
-0.01449059,-0.005471562,-1.0,-1.0,1.0,1,0.005471562,-0.006018072325563021,-0.0005465102901812272,-0.567254718855231
-0.003084008,-0.0027470489,-1.0,-1.0,-1.0,0,0.0027470489,-0.0,0.002747048856690526,-0.5645076699985405
-0.0021425649,0.009581836,-1.0,-1.0,-1.0,0,-0.009581836,-0.0,-0.009581835940480232,-0.5740895059390207
-0.0054157805,-0.015098677,-1.0,-1.0,-1.0,0,0.015098677,-0.0,0.015098677016794682,-0.5589908289222261
-0.009479864,-0.0027713575,-1.0,-1.0,-1.0,0,0.0027713575,-0.0,0.0027713575400412083,-0.5562194713821849
-0.0056363735,-0.02102384,-1.0,-1.0,-1.0,0,0.02102384,-0.0,0.021023839712142944,-0.5351956316700419
-0.00057165045,0.008463549,-1.0,-1.0,-1.0,0,-0.008463549,-0.0,-0.008463549427688122,-0.54365918109773
-0.022259243,-0.013433017,-1.0,-1.0,-1.0,0,0.013433017,-0.0,0.013433016836643219,-0.5302261642610868
-0.008282027,0.03014673,-1.0,-1.0,-1.0,0,-0.03014673,-0.0,-0.030146729201078415,-0.5603728934621652
-0.012305141,-0.009019252,-1.0,-1.0,-1.0,0,0.009019252,-0.0,0.00901925191283226,-0.551353641549333
-0.0017832713,0.0048658284,-1.0,-1.0,-1.0,0,-0.0048658284,-0.0,-0.004865828435868025,-0.556219469985201
0.0070136534,0.0055335825,1.0,1.0,-1.0,1,0.0055335825,-0.006018072325563021,-0.000484489794647284,-0.5567039597798483
0.000008861069,0.010973227,1.0,1.0,1.0,0,0.010973227,-0.0,0.010973227210342884,-0.5457307325695054
-0.009175285,-0.011663068,-1.0,-1.0,1.0,1,0.011663068,-0.006018072325563021,0.005644995760345869,-0.5400857368091596
-0.0085817855,-0.0013811118,-1.0,-1.0,-1.0,0,0.0013811118,-0.0,0.0013811117969453335,-0.5387046250122143
-0.0067006266,0.010995851,-1.0,-1.0,-1.0,0,-0.010995851,-0.0,-0.010995850898325443,-0.5497004759105397
-0.013368986,-0.0027376483,-1.0,-1.0,-1.0,0,0.0027376483,-0.0,0.002737648319453001,-0.5469628275910867
-0.00017844513,0.0020539386,-1.0,-1.0,-1.0,0,-0.0020539386,-0.0,-0.0020539385732263327,-0.549016766164313
-0.0010733642,-0.011695163,-1.0,-1.0,-1.0,0,0.011695163,-0.0,0.011695163324475288,-0.5373216028398378
-0.004558849,0.0,-1.0,-1.0,-1.0,0,-0.0,-0.0,-0.0,-0.5373216028398378
-0.0040291906,0.0041433405,-1.0,-1.0,-1.0,0,-0.0041433405,-0.0,-0.004143340513110161,-0.5414649433529479
-0.006304506,-0.0020695243,-1.0,-1.0,-1.0,0,0.0020695243,-0.0,0.0020695242565125227,-0.5393954190964354
0.00008274708,-0.002766045,1.0,1.0,-1.0,1,-0.002766045,-0.006018072325563021,-0.008784117368807978,-0.5481795364652434
-0.0004220279,0.017844025,-1.0,-1.0,1.0,1,-0.017844025,-0.006018072325563021,-0.023862097371196336,-0.5720416338364398
-0.009170173,-0.03319707,-1.0,-1.0,-1.0,0,0.03319707,-0.0,0.033197071403265,-0.5388445624331748
-0.020455733,0.009099837,-1.0,-1.0,-1.0,0,-0.009099837,-0.0,-0.009099837392568588,-0.5479443998257434
0.039078787,0.0027833718,1.0,1.0,-1.0,1,0.0027833718,-0.006018072325563021,-0.0032347004914786296,-0.5511791003172221
-0.0063343337,0.0069261976,-1.0,-1.0,1.0,1,-0.0069261976,-0.006018072325563021,-0.012944269884204454,-0.5641233702014266
-0.008415392,0.006191506,-1.0,-1.0,-1.0,0,-0.006191506,-0.0,-0.006191506050527096,-0.5703148762519537
-0.0071670655,0.013624623,-1.0,-1.0,-1.0,0,-0.013624623,-0.0,-0.013624623417854309,-0.583939499669808
-0.0011324929,-0.016371673,-1.0,-1.0,-1.0,0,0.016371673,-0.0,0.016371672973036766,-0.5675678266967712
0.021545157,0.022442061,1.0,1.0,-1.0,1,0.022442061,-0.006018072325563021,0.016423989128494673,-0.5511438375682766
-0.0038113873,0.004026551,-1.0,-1.0,1.0,1,-0.004026551,-0.006018072325563021,-0.010044623125171251,-0.5611884606934479
0.020428121,-0.004026551,1.0,1.0,-1.0,1,-0.004026551,-0.006018072325563021,-0.010044623125171251,-0.5712330838186191
-0.0008300608,0.013360678,-1.0,-1.0,1.0,1,-0.013360678,-0.006018072325563021,-0.01937875054386813,-0.5906118343624873
-0.0073854295,-0.009334127,-1.0,-1.0,-1.0,0,0.009334127,-0.0,0.00933412741869688,-0.5812777069437904
-0.0112510305,0.004011828,-1.0,-1.0,-1.0,0,-0.004011828,-0.0,-0.004011827986687422,-0.5852895349304779
-0.008532038,0.003994378,-1.0,-1.0,-1.0,0,-0.003994378,-0.0,-0.003994377795606852,-0.5892839127260847
0.00024445262,-0.041375637,1.0,1.0,-1.0,1,-0.041375637,-0.006018072325563021,-0.04739370938000638,-0.6366776221060911
0.0098036835,-0.0041649523,1.0,1.0,1.0,0,-0.0041649523,-0.0,-0.0041649523191154,-0.6408425744252065
0.01540622,0.012440239,1.0,1.0,1.0,0,0.012440239,-0.0,0.012440239079296589,-0.62840233534591
-0.0004645628,-0.0048189247,-1.0,-1.0,1.0,1,0.0048189247,-0.006018072325563021,-0.0011991476228590684,-0.629601482968769
-0.007737596,0.0075622057,-1.0,-1.0,-1.0,0,-0.0075622057,-0.0,-0.007562205661088228,-0.6371636886298573
0.00094650546,0.011577155,1.0,1.0,-1.0,1,0.011577155,-0.006018072325563021,0.00555908311548274,-0.6316046055143746
0.0011825021,0.028038546,1.0,1.0,1.0,0,0.028038546,-0.0,0.028038546442985535,-0.603566059071389
0.005716496,-0.0059421286,1.0,1.0,1.0,0,-0.0059421286,-0.0,-0.005942128598690033,-0.6095081876700791
-0.020761598,0.007915017,-1.0,-1.0,1.0,1,-0.007915017,-0.006018072325563021,-0.013933089520608968,-0.6234412771906881
-0.033317227,-0.021920292,-1.0,-1.0,-1.0,0,0.021920292,-0.0,0.02192029170691967,-0.6015209854837684
0.023175858,-0.007414376,1.0,1.0,-1.0,1,-0.007414376,-0.006018072325563021,-0.013432448223059959,-0.6149534337068284
-0.007037756,-0.0027098248,-1.0,-1.0,1.0,1,0.0027098248,-0.006018072325563021,-0.003308247500857301,-0.6182616812076858
0.014394301,-0.008175275,1.0,1.0,-1.0,1,-0.008175275,-0.006018072325563021,-0.014193347614085264,-0.6324550288217711
-0.0057281414,0.05197744,-1.0,-1.0,1.0,1,-0.05197744,-0.006018072325563021,-0.05799551304039914,-0.6904505418621703
-0.032242928,-0.011757675,-1.0,-1.0,-1.0,0,0.011757675,-0.0,0.011757674627006054,-0.6786928672351642
0.006030636,0.014351516,1.0,1.0,-1.0,1,0.014351516,-0.006018072325563021,0.008333443705165797,-0.6703594235299984
0.015318251,0.0064566946,1.0,1.0,1.0,0,0.0064566946,-0.0,0.006456694565713406,-0.663902728964285
0.00090346765,-0.007752774,1.0,1.0,1.0,0,-0.007752774,-0.0,-0.007752773817628622,-0.6716555027819137
-0.0025225955,0.0051742694,-1.0,-1.0,1.0,1,-0.0051742694,-0.006018072325563021,-0.011192341759627647,-0.6828478445415413
-0.010120282,0.039221827,-1.0,-1.0,-1.0,0,-0.039221827,-0.0,-0.03922182694077492,-0.7220696714823163
-0.053940363,0.004950132,-1.0,-1.0,-1.0,0,-0.004950132,-0.0,-0.004950132220983505,-0.7270198037032998
-0.015741851,-0.0061915033,-1.0,-1.0,-1.0,0,0.0061915033,-0.0,0.006191503256559372,-0.7208283004467404
0.0021492066,-0.009361071,1.0,1.0,-1.0,1,-0.009361071,-0.006018072325563021,-0.015379142906343526,-0.736207443353084
0.00088608125,0.001253039,1.0,1.0,1.0,0,0.001253039,-0.0,0.001253038994036615,-0.7349544043590474
-0.0014617648,-0.005651082,-1.0,-1.0,1.0,1,0.005651082,-0.006018072325563021,-0.0003669904133434968,-0.7353213947723909
0.0017570877,0.0025155353,1.0,1.0,-1.0,1,0.0025155353,-0.006018072325563021,-0.003502536989575215,-0.7388239317619661
-0.0025191307,-0.0012569766,-1.0,-1.0,1.0,1,0.0012569766,-0.006018072325563021,-0.004761095699680932,-0.7435850274616471
0.0013350234,-0.017766984,1.0,1.0,-1.0,1,-0.017766984,-0.006018072325563021,-0.023785056505178995,-0.7673700839668262
0.023156434,-0.010296704,1.0,1.0,1.0,0,-0.010296704,-0.0,-0.01029670424759388,-0.77766678821442
-0.0052270824,-0.017618807,-1.0,-1.0,1.0,1,0.017618807,-0.006018072325563021,0.011600734707141333,-0.7660660535072787
0.0038073556,0.006562613,1.0,1.0,-1.0,1,0.006562613,-0.006018072325563021,0.0005445406252388282,-0.76552151288204
-0.048875548,0.009113962,-1.0,-1.0,1.0,1,-0.009113962,-0.006018072325563021,-0.015132034156298227,-0.7806535470383382
-0.0009088963,-0.008460202,-1.0,-1.0,-1.0,0,0.008460202,-0.0,0.008460202254354954,-0.7721933447839833
-0.003457727,0.014919692,-1.0,-1.0,-1.0,0,-0.014919692,-0.0,-0.01491969171911478,-0.787113036503098
-0.0012282031,0.0070589418,-1.0,-1.0,-1.0,0,-0.0070589418,-0.0,-0.007058941759169102,-0.7941719782622672
0.012524721,0.010177444,1.0,1.0,-1.0,1,0.010177444,-0.006018072325563021,0.0041593714097384734,-0.7900126068525287
-0.00588917,0.0025296074,-1.0,-1.0,1.0,1,-0.0025296074,-0.006018072325563021,-0.008547679712822623,-0.7985602865653514
-0.010109354,0.0,-1.0,-1.0,-1.0,0,-0.0,-0.0,-0.0,-0.7985602865653514
-0.0037910475,0.013792288,-1.0,-1.0,-1.0,0,-0.013792288,-0.0,-0.013792287558317184,-0.8123525741236686
-0.0067295423,-0.003742707,-1.0,-1.0,-1.0,0,0.003742707,-0.0,0.003742706961929798,-0.8086098671617388
0.0025732946,0.003742707,1.0,1.0,-1.0,1,0.003742707,-0.006018072325563021,-0.002275365363633223,-0.810885232525372
0.0004969407,0.011146116,1.0,1.0,1.0,0,0.011146116,-0.0,0.011146116070449352,-0.7997391164549227
-0.008920722,0.012240442,-1.0,-1.0,1.0,1,-0.012240442,-0.006018072325563021,-0.01825851477292735,-0.8179976312278501
0.010588217,0.009684579,1.0,1.0,-1.0,1,0.009684579,-0.006018072325563021,0.0036665071213487907,-0.8143311241065013
-0.017780516,0.0018054632,-1.0,-1.0,1.0,1,-0.0018054632,-0.006018072325563021,-0.007823535549281127,-0.8221546596557825
-0.010539381,-0.016980426,-1.0,-1.0,-1.0,0,0.016980426,-0.0,0.016980426385998726,-0.8051742332697838
-0.00862271,0.067974195,-1.0,-1.0,-1.0,0,-0.067974195,-0.0,-0.06797419488430023,-0.873148428154084
-0.02690015,0.0011421181,-1.0,-1.0,-1.0,0,-0.0011421181,-0.0,-0.001142118126153946,-0.874290546280238
0.012577481,0.0,1.0,1.0,-1.0,1,0.0,-0.006018072325563021,-0.006018072325563021,-0.880308618605801
-0.06773693,0.0034185487,-1.0,-1.0,1.0,1,-0.0034185487,-0.006018072325563021,-0.009436621056696362,-0.8897452396624974
-0.014767138,-0.016633565,-1.0,-1.0,-1.0,0,0.016633565,-0.0,0.016633564606308937,-0.8731116750561885
-0.0028983876,-0.0005784927,-1.0,-1.0,-1.0,0,0.0005784927,-0.0,0.000578492705244571,-0.8725331823509439
-0.004008863,0.0017344751,-1.0,-1.0,-1.0,0,-0.0017344751,-0.0,-0.001734475139528513,-0.8742676574904724
0.0046533644,-0.008121325,1.0,1.0,-1.0,1,-0.008121325,-0.006018072325563021,-0.014139397028660364,-0.8884070545191328
-0.0042402195,-0.0046698283,-1.0,-1.0,1.0,1,0.0046698283,-0.006018072325563021,-0.001348243985151835,-0.8897552985042847
-0.0044567455,-0.0029297557,-1.0,-1.0,-1.0,0,0.0029297557,-0.0,0.0029297557193785906,-0.8868255427849061
0.00021840446,-0.014184832,1.0,1.0,-1.0,1,-0.014184832,-0.006018072325563021,-0.020202903967177457,-0.9070284467520836
-0.0062144063,0.0041576987,-1.0,-1.0,1.0,1,-0.0041576987,-0.006018072325563021,-0.010175771038806028,-0.9172042177908897
-0.013112534,0.0011847458,-1.0,-1.0,-1.0,0,-0.0011847458,-0.0,-0.0011847458081319928,-0.9183889635990217
0.003058998,-0.021544486,1.0,1.0,-1.0,1,-0.021544486,-0.006018072325563021,-0.027562558609819002,-0.9459515222088407
-0.010488736,0.005429472,-1.0,-1.0,1.0,1,-0.005429472,-0.006018072325563021,-0.011447544168507642,-0.9573990663773484
-0.004488903,-0.013324454,-1.0,-1.0,-1.0,0,0.013324454,-0.0,0.013324454426765442,-0.944074611950583
-0.0038643489,0.02469204,-1.0,-1.0,-1.0,0,-0.02469204,-0.0,-0.02469203993678093,-0.9687666518873639
0.003652228,-0.0059661563,1.0,1.0,-1.0,1,-0.0059661563,-0.006018072325563021,-0.011984228581016845,-0.9807508804683808
0.0019510081,0.0017935872,1.0,1.0,1.0,0,0.0017935872,-0.0,0.0017935872310772538,-0.9789572932373035
0.007979486,0.008919997,1.0,1.0,1.0,0,0.008919997,-0.0,0.00891999714076519,-0.9700372960965383
-0.010807319,-0.02336088,-1.0,-1.0,1.0,1,0.02336088,-0.006018072325563021,0.017342807766223364,-0.952694488330315
0.01746029,0.018018436,1.0,1.0,-1.0,1,0.018018436,-0.006018072325563021,0.012000363361263686,-0.9406941249690514
0.002632551,-0.01438894,1.0,1.0,1.0,0,-0.01438894,-0.0,-0.014388940297067165,-0.9550830652661185
-0.014045331,-0.016438797,-1.0,-1.0,1.0,1,0.016438797,-0.006018072325563021,0.010420724790716582,-0.944662340475402
-0.026767898,0.012203103,-1.0,-1.0,-1.0,0,-0.012203103,-0.0,-0.012203102931380272,-0.9568654434067823
-0.0011462057,-0.009138665,-1.0,-1.0,-1.0,0,0.009138665,-0.0,0.009138665162026882,-0.9477267782447554
0.007147895,0.01518418,1.0,1.0,-1.0,1,0.01518418,-0.006018072325563021,0.009166107554161959,-0.9385606706905935
-0.005090802,0.000630862,-1.0,-1.0,1.0,1,-0.000630862,-0.006018072325563021,-0.006648934346916117,-0.9452096050375096
0.0013425713,0.013767792,1.0,1.0,-1.0,1,0.013767792,-0.006018072325563021,0.007749719586396627,-0.937459885451113
-0.0033110594,0.00681283,-1.0,-1.0,1.0,1,-0.00681283,-0.006018072325563021,-0.012830902315502948,-0.950290787766616
-0.0112732,-0.025001159,-1.0,-1.0,-1.0,0,0.025001159,-0.0,0.02500115893781185,-0.9252896288288042
-0.03295697,0.0044205366,-1.0,-1.0,-1.0,0,-0.0044205366,-0.0,-0.004420536570250988,-0.9297101653990552
0.022248644,0.010655293,1.0,1.0,-1.0,1,0.010655293,-0.006018072325563021,0.0046372209155802055,-0.925072944483475
0.0080726845,-0.0018724151,1.0,1.0,1.0,0,-0.0018724151,-0.0,-0.0018724150722846389,-0.9269453595557596
-0.005114355,0.004984914,-1.0,-1.0,1.0,1,-0.004984914,-0.006018072325563021,-0.011002986185079403,-0.9379483457408391
-0.0001795832,0.017862167,-1.0,-1.0,-1.0,0,-0.017862167,-0.0,-0.017862167209386826,-0.9558105129502259
0.0053440453,0.0072993888,1.0,1.0,-1.0,1,0.0072993888,-0.006018072325563021,0.0012813164332751556,-0.9545291965169508
-0.005951247,0.0072464934,-1.0,-1.0,1.0,1,-0.0072464934,-0.006018072325563021,-0.013264565687453336,-0.9677937622044042
-0.019342775,0.00060202257,-1.0,-1.0,-1.0,0,-0.00060202257,-0.0,-0.000602022570092231,-0.9683957847744964
-0.00679597,-0.012708021,-1.0,-1.0,-1.0,0,0.012708021,-0.0,0.012708021327853203,-0.9556877634466432
-0.005482211,-0.0030498502,-1.0,-1.0,-1.0,0,0.0030498502,-0.0,0.003049850231036544,-0.9526379132156066
-0.00850206,-0.010439371,-1.0,-1.0,-1.0,0,0.010439371,-0.0,0.010439370758831501,-0.9421985424567751
-0.004093512,0.018348726,-1.0,-1.0,-1.0,0,-0.018348726,-0.0,-0.018348725512623787,-0.9605472679693989
-0.010467289,0.008448949,-1.0,-1.0,-1.0,0,-0.008448949,-0.0,-0.008448949083685875,-0.9689962170530848
0.012291326,0.001801589,1.0,1.0,-1.0,1,0.001801589,-0.006018072325563021,-0.004216483287339993,-0.9732127003404248
-0.00906328,-0.025517458,-1.0,-1.0,1.0,1,0.025517458,-0.006018072325563021,0.019499385770583563,-0.9537133145698413
0.02391186,0.027315807,1.0,1.0,-1.0,1,0.027315807,-0.006018072325563021,0.021297734271908217,-0.9324155802979331
0.009936542,0.011313037,1.0,1.0,1.0,0,0.011313037,-0.0,0.011313037015497684,-0.9211025432824355
0.003040106,-0.0035593694,1.0,1.0,1.0,0,-0.0035593694,-0.0,-0.0035593693610280752,-0.9246619126434635
-0.009065445,0.03330729,-1.0,-1.0,1.0,1,-0.03330729,-0.006018072325563021,-0.03932536389288861,-0.9639872765363522
-0.0462268,-0.01622263,-1.0,-1.0,-1.0,0,0.01622263,-0.0,0.016222629696130753,-0.9477646468402214
-0.012295143,-0.020655528,-1.0,-1.0,-1.0,0,0.020655528,-0.0,0.020655527710914612,-0.9271091191293068
-0.011672788,0.00890518,-1.0,-1.0,-1.0,0,-0.00890518,-0.0,-0.008905179798603058,-0.9360142989279099
0.054474894,-0.016086621,1.0,1.0,-1.0,1,-0.016086621,-0.006018072325563021,-0.022104693535542078,-0.958118992463452
-0.01601705,0.010158654,-1.0,-1.0,1.0,1,-0.010158654,-0.006018072325563021,-0.016176726627921648,-0.9742957190913737
-0.009790935,-0.0011895788,-1.0,-1.0,-1.0,0,0.0011895788,-0.0,0.001189578790217638,-0.973106140301156
-0.0052049067,0.0,-1.0,-1.0,-1.0,0,-0.0,-0.0,-0.0,-0.973106140301156
-0.0023942306,0.0011895788,-1.0,-1.0,-1.0,0,-0.0011895788,-0.0,-0.001189578790217638,-0.9742957190913737
-0.0005197511,-0.030177437,-1.0,-1.0,-1.0,0,0.030177437,-0.0,0.030177436769008636,-0.944118282322365
0.0049853614,0.0,1.0,1.0,-1.0,1,0.0,-0.006018072325563021,-0.006018072325563021,-0.9501363546479281
-0.0020965151,-0.0024535984,-1.0,-1.0,1.0,1,0.0024535984,-0.006018072325563021,-0.0035644738989080863,-0.9537008285468362
-0.0016540857,0.019464724,-1.0,-1.0,-1.0,0,-0.019464724,-0.0,-0.019464723765850067,-0.9731655523126863
-0.031437933,0.0078014177,-1.0,-1.0,-1.0,0,-0.0078014177,-0.0,-0.007801417727023363,-0.9809669700397097
-0.005054708,-0.009006772,-1.0,-1.0,-1.0,0,0.009006772,-0.0,0.009006772190332413,-0.9719601978493773
-0.008133623,0.0036117127,-1.0,-1.0,-1.0,0,-0.0036117127,-0.0,-0.0036117127165198326,-0.9755719105658971
-0.010345157,0.01668792,-1.0,-1.0,-1.0,0,-0.01668792,-0.0,-0.016687920317053795,-0.9922598308829509
-0.00095517235,0.011750348,-1.0,-1.0,-1.0,0,-0.011750348,-0.0,-0.011750347912311554,-1.0040101787952624
0.005955167,0.007565353,1.0,1.0,-1.0,1,0.007565353,-0.006018072325563021,0.00154728074016612,-1.0024628980550963
-0.03297425,-0.0029028906,-1.0,-1.0,1.0,1,0.0029028906,-0.006018072325563021,-0.0031151817700024323,-1.0055780798250986
-0.0061200317,0.006374564,-1.0,-1.0,-1.0,0,-0.006374564,-0.0,-0.00637456402182579,-1.0119526438469244
0.00090085436,0.01547799,1.0,1.0,-1.0,1,0.01547799,-0.006018072325563021,0.009459917474711352,-1.002492726372213
0.0017409041,-0.005132368,1.0,1.0,1.0,0,-0.005132368,-0.0,-0.005132367834448814,-1.0076250942066618
-0.009096918,0.019252393,-1.0,-1.0,1.0,1,-0.019252393,-0.006018072325563021,-0.025270465720271654,-1.0328955599269334
0.0075151687,0.0061511598,1.0,1.0,-1.0,1,0.0061511598,-0.006018072325563021,0.00013308743404787018,-1.0327624724928854
-0.006691733,-0.0033506944,-1.0,-1.0,1.0,1,0.0033506944,-0.006018072325563021,-0.002667377894571014,-1.0354298503874564
-0.0074846037,0.013884756,-1.0,-1.0,-1.0,0,-0.013884756,-0.0,-0.013884755782783031,-1.0493146061702394
-0.004191241,0.014783093,-1.0,-1.0,-1.0,0,-0.014783093,-0.0,-0.014783092774450779,-1.0640976989446902
-0.006956746,-0.01865152,-1.0,-1.0,-1.0,0,0.01865152,-0.0,0.01865152083337307,-1.0454461781113171
-0.01038905,0.013201668,-1.0,-1.0,-1.0,0,-0.013201668,-0.0,-0.013201667927205563,-1.0586478460385227
0.0016762665,-0.009884312,1.0,1.0,-1.0,1,-0.009884312,-0.006018072325563021,-0.015902384143149442,-1.074550230181672
0.009555544,-0.012215916,1.0,1.0,1.0,0,-0.012215916,-0.0,-0.012215916067361832,-1.086766146249034
0.003189928,0.014420639,1.0,1.0,1.0,0,0.014420639,-0.0,0.014420638792216778,-1.0723455074568171
-0.0057253875,-0.01777769,-1.0,-1.0,1.0,1,0.01777769,-0.006018072325563021,0.011759618338370734,-1.0605858891184463
-0.018611036,0.0027988965,-1.0,-1.0,-1.0,0,-0.0027988965,-0.0,-0.0027988965157419443,-1.0633847856341883
-0.00063200854,-0.009548154,-1.0,-1.0,-1.0,0,0.009548154,-0.0,0.009548153728246689,-1.0538366319059416
0.0018133717,-0.006795119,1.0,1.0,-1.0,1,-0.006795119,-0.006018072325563021,-0.012813191354101486,-1.066649823260043
0.002810238,0.001135538,1.0,1.0,1.0,0,0.001135538,-0.0,0.001135537982918322,-1.0655142852771247
-0.0055863196,0.0039648367,-1.0,-1.0,1.0,1,-0.0039648367,-0.006018072325563021,-0.009982909034764356,-1.075497194311889
-0.0062418915,0.010683288,-1.0,-1.0,-1.0,0,-0.010683288,-0.0,-0.010683287866413593,-1.0861804821783025
-0.007900719,-0.010683288,-1.0,-1.0,-1.0,0,0.010683288,-0.0,0.010683287866413593,-1.075497194311889
-0.008861462,-0.0011310421,-1.0,-1.0,-1.0,0,0.0011310421,-0.0,0.0011310421396046877,-1.0743661521722843
-0.0053432067,-0.0073848683,-1.0,-1.0,-1.0,0,0.0073848683,-0.0,0.007384868338704109,-1.0669812838335802
0.0035106847,-0.01783205,1.0,1.0,-1.0,1,-0.01783205,-0.006018072325563021,-0.02385012242553193,-1.090831406259112
0.008435636,0.010966954,1.0,1.0,1.0,0,0.010966954,-0.0,0.010966953821480274,-1.0798644524376317
-0.0049665654,-0.0074900724,-1.0,-1.0,1.0,1,0.0074900724,-0.006018072325563021,0.0014720000738148017,-1.0783924523638169
0.0056621926,0.0074900724,1.0,1.0,-1.0,1,0.0074900724,-0.006018072325563021,0.0014720000738148017,-1.076920452290002
-0.00030842703,-0.0011485833,-1.0,-1.0,1.0,1,0.0011485833,-0.006018072325563021,-0.004869489074511416,-1.0817899413645133
-0.0013974155,0.015963651,-1.0,-1.0,-1.0,0,-0.015963651,-0.0,-0.01596365123987198,-1.0977535926043853
-0.010080236,-0.017113555,-1.0,-1.0,-1.0,0,0.017113555,-0.0,0.01711355522274971,-1.0806400373816356
0.0004293723,-0.012739372,1.0,1.0,-1.0,1,-0.012739372,-0.006018072325563021,-0.018757444765245504,-1.099397482146881
-0.0022731973,-0.010544438,-1.0,-1.0,1.0,1,0.010544438,-0.006018072325563021,0.004526365589523725,-1.0948711165573572
-0.01816459,-0.008279065,-1.0,-1.0,-1.0,0,0.008279065,-0.0,0.008279064670205116,-1.0865920518871521
-0.008479583,-0.0035699569,-1.0,-1.0,-1.0,0,0.0035699569,-0.0,0.0035699568688869476,-1.0830220950182652
-0.00013109669,0.051681284,-1.0,-1.0,-1.0,0,-0.051681284,-0.0,-0.0516812838613987,-1.1347033788796639
-0.02953985,0.008453517,-1.0,-1.0,-1.0,0,-0.008453517,-0.0,-0.008453517220914364,-1.1431568961005782
0.030631289,-0.0221291,1.0,1.0,-1.0,1,-0.0221291,-0.006018072325563021,-0.02814717214164693,-1.171304068242225
0.059954613,-0.015029159,1.0,1.0,1.0,0,-0.015029159,-0.0,-0.015029159374535084,-1.1863332276167602
0.013894402,0.004068538,1.0,1.0,1.0,0,0.004068538,-0.0,0.0040685380809009075,-1.1822646895358593
-0.022119991,0.005206603,-1.0,-1.0,1.0,1,-0.005206603,-0.006018072325563021,-0.011224675416773147,-1.1934893649526324
-0.0058372067,0.02338324,-1.0,-1.0,-1.0,0,-0.02338324,-0.0,-0.023383239284157753,-1.2168726042367901
0.061960757,0.027246263,1.0,1.0,-1.0,1,0.027246263,-0.006018072325563021,0.02122819055261653,-1.1956444136841735
0.004792681,-0.016592927,1.0,1.0,1.0,0,-0.016592927,-0.0,-0.016592927277088165,-1.2122373409612617
-0.042062443,0.0038964197,-1.0,-1.0,1.0,1,-0.0038964197,-0.006018072325563021,-0.00991449198295731,-1.222151832944219
-0.007047264,-0.0061294544,-1.0,-1.0,-1.0,0,0.0061294544,-0.0,0.006129454355686903,-1.216022378588532
0.005979742,0.024296684,1.0,1.0,-1.0,1,0.024296684,-0.006018072325563021,0.018278611865067892,-1.197743766723464
0.021002643,0.0,1.0,1.0,1.0,0,0.0,-0.0,0.0,-1.197743766723464
0.0027714716,-0.0016382998,1.0,1.0,1.0,0,-0.0016382998,-0.0,-0.001638299785554409,-1.1993820665090185
-0.001277192,-0.02042535,-1.0,-1.0,1.0,1,0.02042535,-0.006018072325563021,0.014407277148390227,-1.1849747893606282
-0.014087277,-0.001674879,-1.0,-1.0,-1.0,0,0.001674879,-0.0,0.0016748789930716157,-1.1832999103675566
-0.00367816,0.0027895293,-1.0,-1.0,-1.0,0,-0.0027895293,-0.0,-0.002789529273286462,-1.186089439640843
-0.0030233716,-0.0061465814,-1.0,-1.0,-1.0,0,0.0061465814,-0.0,0.006146581377834082,-1.179942858263009
-0.00328254,0.010038669,-1.0,-1.0,-1.0,0,-0.010038669,-0.0,-0.010038669221103191,-1.1899815274841121
-0.00082996674,0.0,-1.0,-1.0,-1.0,0,-0.0,-0.0,-0.0,-1.1899815274841121
0.0016166028,-0.0066816164,1.0,1.0,-1.0,1,-0.0066816164,-0.006018072325563021,-0.012699688743626661,-1.2026812162277387
0.00065405434,-0.0375683,1.0,1.0,1.0,0,-0.0375683,-0.0,-0.03756830096244812,-1.2402495171901868
0.022243764,0.012107229,1.0,1.0,1.0,0,0.012107229,-0.0,0.012107228860259056,-1.2281422883299278
0.007974851,0.020982493,1.0,1.0,1.0,0,0.020982493,-0.0,0.020982492715120316,-1.2071597956148075
-0.018358553,-0.011855499,-1.0,-1.0,1.0,1,0.011855499,-0.006018072325563021,0.005837426562035493,-1.201322369052772
-0.012181799,-0.0017041791,-1.0,-1.0,-1.0,0,0.0017041791,-0.0,0.0017041790997609496,-1.199618189953011
-0.009506931,-0.0017082521,-1.0,-1.0,-1.0,0,0.0017082521,-0.0,0.0017082521226257086,-1.1979099378303852
0.0017660549,-0.011461967,1.0,1.0,-1.0,1,-0.011461967,-0.006018072325563021,-0.017480038996612615,-1.2153899768269978
-0.0064338534,-0.008682336,-1.0,-1.0,1.0,1,0.008682336,-0.006018072325563021,0.002664263401353769,-1.212725713425644
0.0010475568,-0.009345567,1.0,1.0,-1.0,1,-0.009345567,-0.006018072325563021,-0.015363639179443903,-1.2280893526050878
-0.0010828776,0.0023442935,-1.0,-1.0,1.0,1,-0.0023442935,-0.006018072325563021,-0.008362365845417566,-1.2364517184505053
-0.010948528,0.003506168,-1.0,-1.0,-1.0,0,-0.003506168,-0.0,-0.0035061680246144533,-1.2399578864751197
-0.0038092071,0.00755656,-1.0,-1.0,-1.0,0,-0.00755656,-0.0,-0.007556559983640909,-1.2475144464587606
-0.0053364174,-0.0034809143,-1.0,-1.0,-1.0,0,0.0034809143,-0.0,0.00348091428168118,-1.2440335321770795
-0.0015215003,-0.0011626065,-1.0,-1.0,-1.0,0,0.0011626065,-0.0,0.0011626065243035555,-1.242870925652776
-0.0020084162,0.0017439963,-1.0,-1.0,-1.0,0,-0.0017439963,-0.0,-0.0017439962830394506,-1.2446149219358154
-0.0029482848,0.04430018,-1.0,-1.0,-1.0,0,-0.04430018,-0.0,-0.044300179928541183,-1.2889151018643565
-0.020122819,0.0082991775,-1.0,-1.0,-1.0,0,-0.0082991775,-0.0,-0.008299177512526512,-1.297214279376883
0.0074278815,0.019639676,1.0,1.0,-1.0,1,0.019639676,-0.006018072325563021,0.013621604111218863,-1.2835926752656641
-0.011443158,-0.009771624,-1.0,-1.0,1.0,1,0.009771624,-0.006018072325563021,0.003753551323140077,-1.279839123942524
-0.02312177,0.023188053,-1.0,-1.0,-1.0,0,-0.023188053,-0.0,-0.02318805269896984,-1.3030271766414938
0.024869394,0.001065361,1.0,1.0,-1.0,1,0.001065361,-0.006018072325563021,-0.004952711361287125,-1.3079798880027809
0.011977098,0.008483351,1.0,1.0,1.0,0,0.008483351,-0.0,0.008483351208269596,-1.2994965367945113
-0.0060767857,-0.00211383,-1.0,-1.0,1.0,1,0.00211383,-0.006018072325563021,-0.0039042422602083163,-1.3034007790547195
-0.004441924,-0.02085131,-1.0,-1.0,-1.0,0,0.02085131,-0.0,0.020851310342550278,-1.2825494687121692
-0.018282983,-0.0075921323,-1.0,-1.0,-1.0,0,0.0075921323,-0.0,0.007592132315039635,-1.2749573363971296
-0.008631706,0.013517988,-1.0,-1.0,-1.0,0,-0.013517988,-0.0,-0.013517987914383411,-1.288475324311513
-0.0069763795,-0.008629771,-1.0,-1.0,-1.0,0,0.008629771,-0.0,0.008629770949482918,-1.27984555336203
-0.005199288,0.0059407526,-1.0,-1.0,-1.0,0,-0.0059407526,-0.0,-0.005940752569586039,-1.2857863059316161
-0.0062867356,-0.008110713,-1.0,-1.0,-1.0,0,0.008110713,-0.0,0.008110713213682175,-1.277675592717934
-0.001895898,0.011873098,-1.0,-1.0,-1.0,0,-0.011873098,-0.0,-0.011873098090291023,-1.289548690808225
-0.0035091923,0.008015366,-1.0,-1.0,-1.0,0,-0.008015366,-0.0,-0.008015366271138191,-1.2975640570793632
0.010445221,-0.0021318106,1.0,1.0,-1.0,1,-0.0021318106,-0.006018072325563021,-0.008149882970204539,-1.3057139400495676
-0.0077031683,0.00690994,-1.0,-1.0,1.0,1,-0.00690994,-0.006018072325563021,-0.012928012251680679,-1.3186419523012483
0.0014775824,0.01992729,1.0,1.0,-1.0,1,0.01992729,-0.006018072325563021,0.013909217011356764,-1.3047327352898914
0.012385734,-0.0010387958,1.0,1.0,1.0,0,-0.0010387958,-0.0,-0.0010387958027422428,-1.3057715310926337
-0.0052433647,-0.012552605,-1.0,-1.0,1.0,1,0.012552605,-0.006018072325563021,0.0065345326850060744,-1.2992369984076275
-0.02338539,0.01877031,-1.0,-1.0,-1.0,0,-0.01877031,-0.0,-0.018770309165120125,-1.3180073075727476
-0.0042392425,-0.010907286,-1.0,-1.0,-1.0,0,0.010907286,-0.0,0.01090728584676981,-1.3071000217259778
-0.022451598,-0.01314032,-1.0,-1.0,-1.0,0,0.01314032,-0.0,0.013140319846570492,-1.2939597018794073
-0.007501171,-0.006369521,-1.0,-1.0,-1.0,0,0.006369521,-0.0,0.006369520910084248,-1.287590180969323
0.0015948275,-0.0005330827,1.0,1.0,-1.0,1,-0.0005330827,-0.006018072325563021,-0.0065511550226378815,-1.294141335991961
-0.00034387084,-0.0037362801,-1.0,-1.0,1.0,1,0.0037362801,-0.006018072325563021,-0.002281792187890001,-1.2964231281798508
0.00026591728,0.00533359,1.0,1.0,-1.0,1,0.00533359,-0.006018072325563021,-0.0006844824699814992,-1.2971076106498323
-0.007032123,0.015832182,-1.0,-1.0,1.0,1,-0.015832182,-0.006018072325563021,-0.02185025434551198,-1.3189578649953442
-0.0009417883,0.0109346155,-1.0,-1.0,-1.0,0,-0.0109346155,-0.0,-0.010934615507721901,-1.329892480503066
0.01100546,-0.008842898,1.0,1.0,-1.0,1,-0.008842898,-0.006018072325563021,-0.014860969926988668,-1.3447534504300547
-0.011223976,0.009877929,-1.0,-1.0,1.0,1,-0.009877929,-0.006018072325563021,-0.015896001789545602,-1.3606494522196002
0.0028907498,0.008756357,1.0,1.0,-1.0,1,0.008756357,-0.006018072325563021,0.002738284919584207,-1.357911167300016
0.0041662846,0.013245199,1.0,1.0,1.0,0,0.013245199,-0.0,0.013245198875665665,-1.3446659684243503
0.0011907322,0.019048234,1.0,1.0,1.0,0,0.019048234,-0.0,0.019048234447836876,-1.3256177339765134
-0.04304526,0.032242995,-1.0,-1.0,1.0,1,-0.032242995,-0.006018072325563021,-0.038261067081069536,-1.3638788010575829
0.017610576,0.004800307,1.0,1.0,-1.0,1,0.004800307,-0.006018072325563021,-0.001217765226786919,-1.3650965662843697
-0.010445834,0.018014666,-1.0,-1.0,1.0,1,-0.018014666,-0.006018072325563021,-0.024032738018607683,-1.3891293043029773
-0.053003386,-0.00094110426,-1.0,-1.0,-1.0,0,0.00094110426,-0.0,0.0009411042556166649,-1.3881882000473607
-0.008440444,0.010294244,-1.0,-1.0,-1.0,0,-0.010294244,-0.0,-0.010294243693351746,-1.3984824437407124
-0.0076310774,0.09666562,-1.0,-1.0,-1.0,0,-0.09666562,-0.0,-0.09666562080383301,-1.4951480645445454
-0.028648734,-0.023090309,-1.0,-1.0,-1.0,0,0.023090309,-0.0,0.023090308532118797,-1.4720577560124266
-0.052343216,0.024780955,-1.0,-1.0,-1.0,0,-0.024780955,-0.0,-0.02478095516562462,-1.4968387111780512
-0.09837778,0.02087851,-1.0,-1.0,-1.0,0,-0.02087851,-0.0,-0.020878510549664497,-1.5177172217277157
0.03477083,0.0024783995,1.0,1.0,-1.0,1,0.0024783995,-0.006018072325563021,-0.003539672778746076,-1.5212568945064617
-0.028800052,-0.015792727,-1.0,-1.0,1.0,1,0.015792727,-0.006018072325563021,0.009774655144834929,-1.5114822393616267
-0.017947502,0.028891489,-1.0,-1.0,-1.0,0,-0.028891489,-0.0,-0.028891488909721375,-1.540373728271348
-0.0032191323,0.020138552,-1.0,-1.0,-1.0,0,-0.020138552,-0.0,-0.02013855241239071,-1.5605122806837388
-0.016852327,0.036024947,-1.0,-1.0,-1.0,0,-0.036024947,-0.0,-0.036024946719408035,-1.5965372274031469
0.008815887,0.009188546,1.0,1.0,-1.0,1,0.009188546,-0.006018072325563021,0.0031704735422376914,-1.593366753860909
-0.016464848,-0.015358851,-1.0,-1.0,1.0,1,0.015358851,-0.006018072325563021,0.009340778965676241,-1.5840259748952328
-0.00045668054,0.013831979,-1.0,-1.0,-1.0,0,-0.013831979,-0.0,-0.013831978663802147,-1.597857953559035
-0.0024617873,0.049885105,-1.0,-1.0,-1.0,0,-0.049885105,-0.0,-0.0498851053416729,-1.6477430589007078
-0.023712106,-0.019804703,-1.0,-1.0,-1.0,0,0.019804703,-0.0,0.019804703071713448,-1.6279383558289944
0.012683607,0.0007411049,1.0,1.0,-1.0,1,0.0007411049,-0.006018072325563021,-0.0052769674391615765,-1.6332153232681559
-0.011931567,0.020516226,-1.0,-1.0,1.0,1,-0.020516226,-0.006018072325563021,-0.026534298393702097,-1.659749621661858
-0.00020376872,-0.0102055,-1.0,-1.0,-1.0,0,0.0102055,-0.0,0.010205499827861786,-1.6495441218339961
0.02536986,-0.0029372338,1.0,1.0,-1.0,1,-0.0029372338,-0.006018072325563021,-0.008955306099554486,-1.6584994279335505
-0.0073672207,0.021807117,-1.0,-1.0,1.0,1,-0.021807117,-0.006018072325563021,-0.027825189713215417,-1.6863246176467659
-0.0034388993,0.0021489218,-1.0,-1.0,-1.0,0,-0.0021489218,-0.0,-0.0021489218343049288,-1.6884735394810708
-0.0036878097,-0.0043098293,-1.0,-1.0,-1.0,0,0.0043098293,-0.0,0.0043098293244838715,-1.684163710156587
-0.0025378068,0.00574476,-1.0,-1.0,-1.0,0,-0.00574476,-0.0,-0.005744759924709797,-1.6899084700812967
0.0013355161,-0.018801738,1.0,1.0,-1.0,1,-0.018801738,-0.006018072325563021,-0.02481980990228612,-1.7147282799835828
-0.012455464,-0.0014621849,-1.0,-1.0,1.0,1,0.0014621849,-0.006018072325563021,-0.0045558873850982265,-1.719284167368681
-0.0014879084,0.023127623,-1.0,-1.0,-1.0,0,-0.023127623,-0.0,-0.02312762290239334,-1.7424117902710743
0.0050706873,0.0,1.0,1.0,-1.0,1,0.0,-0.006018072325563021,-0.006018072325563021,-1.7484298625966372
0.0006462177,0.016294641,1.0,1.0,1.0,0,0.016294641,-0.0,0.01629464142024517,-1.732135221176392
-0.023401301,-0.013446394,-1.0,-1.0,1.0,1,0.013446394,-0.006018072325563021,0.0074283220285419746,-1.72470689914785
0.017920248,0.0035579992,1.0,1.0,-1.0,1,0.0035579992,-0.006018072325563021,-0.002460073172872849,-1.7271669723207228
-0.012539682,0.011294099,-1.0,-1.0,1.0,1,-0.011294099,-0.006018072325563021,-0.0173121708965059,-1.7444791432172286
-0.005195702,0.022892272,-1.0,-1.0,-1.0,0,-0.022892272,-0.0,-0.022892272099852562,-1.7673714153170812
0.0150140645,0.021036481,1.0,1.0,-1.0,1,0.021036481,-0.006018072325563021,0.015018409159207755,-1.7523530061578734
-0.008552464,0.0013434413,-1.0,-1.0,1.0,1,-0.0013434413,-0.006018072325563021,-0.007361513637764342,-1.7597145197956376
-0.004286293,0.012003671,-1.0,-1.0,-1.0,0,-0.012003671,-0.0,-0.012003671377897263,-1.771718191173535
-0.015669689,-0.005987229,-1.0,-1.0,-1.0,0,0.005987229,-0.0,0.005987228825688362,-1.7657309623478465
0.000397888,0.022412786,1.0,1.0,-1.0,1,0.022412786,-0.006018072325563021,0.01639471393468421,-1.7493362484131623
0.008370487,0.025743976,1.0,1.0,1.0,0,0.025743976,-0.0,0.02574397623538971,-1.7235922721777726
-0.009623142,0.0126244435,-1.0,-1.0,1.0,1,-0.0126244435,-0.006018072325563021,-0.018642515834247655,-1.7422347880120201
-0.049912486,0.0056351493,-1.0,-1.0,-1.0,0,-0.0056351493,-0.0,-0.00563514931127429,-1.7478699373232944
-0.0043259105,-0.016988657,-1.0,-1.0,-1.0,0,0.016988657,-0.0,0.016988657414913177,-1.7308812799083813
-0.0056390082,0.0025370375,-1.0,-1.0,-1.0,0,-0.0025370375,-0.0,-0.002537037478759885,-1.7334183173871411
-0.0020450577,0.0,-1.0,-1.0,-1.0,0,-0.0,-0.0,-0.0,-1.7334183173871411
0.0006200643,0.028081637,1.0,1.0,-1.0,1,0.028081637,-0.006018072325563021,0.022063564550304823,-1.7113547528368362
-0.019386481,-0.026189525,-1.0,-1.0,1.0,1,0.026189525,-0.006018072325563021,0.020171452354813033,-1.6911833004820231
0.015917096,0.011934946,1.0,1.0,-1.0,1,0.011934946,-0.006018072325563021,0.005916873965585641,-1.6852664265164374
0.009835995,-0.092816174,1.0,1.0,1.0,0,-0.092816174,-0.0,-0.09281617403030396,-1.7780826005467414
0.074575,-0.06874957,1.0,1.0,1.0,0,-0.06874957,-0.0,-0.0687495693564415,-1.8468321699031829
0.17878321,0.046583023,1.0,1.0,1.0,0,0.046583023,-0.0,0.04658302292227745,-1.8002491469809054
0.0036103325,-0.054685656,1.0,1.0,1.0,0,-0.054685656,-0.0,-0.05468565598130226,-1.8549348029622077
0.0203114,0.060277082,1.0,1.0,1.0,0,0.060277082,-0.0,0.06027708202600479,-1.794657720936203
0.021155443,-0.0006972211,1.0,1.0,1.0,0,-0.0006972211,-0.0,-0.0006972210831008852,-1.7953549420193038
0.12084325,0.038951326,1.0,1.0,1.0,0,0.038951326,-0.0,0.038951326161623,-1.7564036158576808
-0.106715396,0.012651509,-1.0,-1.0,1.0,1,-0.012651509,-0.006018072325563021,-0.018669580999588556,-1.7750731968572693
-0.006540452,-0.016677674,-1.0,-1.0,-1.0,0,0.016677674,-0.0,0.016677673906087875,-1.7583955229511814
0.066229835,0.019323714,1.0,1.0,-1.0,1,0.019323714,-0.006018072325563021,0.013305641751909666,-1.7450898811992717
-0.0082256785,0.012460636,-1.0,-1.0,1.0,1,-0.012460636,-0.006018072325563021,-0.018478708300566263,-1.7635685894998379
0.002905476,-0.020413058,1.0,1.0,-1.0,1,-0.020413058,-0.006018072325563021,-0.026431130204176492,-1.7899997197040143
0.018311929,0.011250157,1.0,1.0,1.0,0,0.011250157,-0.0,0.011250156909227371,-1.778749562794787
0.005264339,0.013069987,1.0,1.0,1.0,0,0.013069987,-0.0,0.013069987297058105,-1.7656795754977288
-0.000885074,0.0090510305,-1.0,-1.0,1.0,1,-0.0090510305,-0.006018072325563021,-0.01506910282728631,-1.780748678325015
-0.025297146,-0.0025795428,-1.0,-1.0,-1.0,0,0.0025795428,-0.0,0.0025795428082346916,-1.7781691355167804
-0.0077818716,0.0038668232,-1.0,-1.0,-1.0,0,-0.0038668232,-0.0,-0.0038668231572955847,-1.782035958674076
-0.00049875304,0.031623162,-1.0,-1.0,-1.0,0,-0.031623162,-0.0,-0.03162316232919693,-1.8136591210032729
-0.0049704323,0.0055931606,-1.0,-1.0,-1.0,0,-0.0055931606,-0.0,-0.005593160632997751,-1.8192522816362706
-0.006293268,-0.009958741,-1.0,-1.0,-1.0,0,0.009958741,-0.0,0.009958741255104542,-1.809293540381166
0.0067081647,0.019813022,1.0,1.0,-1.0,1,0.019813022,-0.006018072325563021,0.013794949319386893,-1.7954985910617791
0.002800256,0.027215505,1.0,1.0,1.0,0,0.027215505,-0.0,0.0272155050188303,-1.7682830860429488
-0.024940114,0.010094757,-1.0,-1.0,1.0,1,-0.010094757,-0.006018072325563021,-0.016112829517399854,-1.7843959155603486
-0.061723497,0.015241789,-1.0,-1.0,-1.0,0,-0.015241789,-0.0,-0.015241788700222969,-1.7996377042605716
0.026368003,0.005220521,1.0,1.0,-1.0,1,0.005220521,-0.006018072325563021,-0.0007975515497978406,-1.8004352558103693
-0.040107317,-0.010468438,-1.0,-1.0,1.0,1,0.010468438,-0.006018072325563021,0.0044503659421448035,-1.7959848898682245
-0.009056024,0.004665513,-1.0,-1.0,-1.0,0,-0.004665513,-0.0,-0.004665513057261705,-1.8006504029254862
-0.014179664,0.0017461962,-1.0,-1.0,-1.0,0,-0.0017461962,-0.0,-0.0017461961833760142,-1.8023965991088622
0.0029640794,0.018421318,1.0,1.0,-1.0,1,0.018421318,-0.006018072325563021,0.012403246056461745,-1.7899933530524004
0.0048043104,-0.005145874,1.0,1.0,1.0,0,-0.005145874,-0.0,-0.005145873874425888,-1.7951392269268263
0.0066458853,0.015923839,1.0,1.0,1.0,0,0.015923839,-0.0,0.015923839062452316,-1.779215387864374
0.0038629184,-0.05808507,1.0,1.0,1.0,0,-0.05808507,-0.0,-0.05808506906032562,-1.8373004569246996
0.07350461,-0.029745057,1.0,1.0,1.0,0,-0.029745057,-0.0,-0.029745057225227356,-1.867045514149927
-0.03579299,0.026146986,-1.0,-1.0,1.0,1,-0.026146986,-0.006018072325563021,-0.03216505791602094,-1.8992105720659478
0.060955316,0.03015492,1.0,1.0,-1.0,1,0.03015492,-0.006018072325563021,0.024136846926236563,-1.8750737251397112
0.066766575,0.09388108,1.0,1.0,1.0,0,0.09388108,-0.0,0.09388107806444168,-1.7811926470752695
-0.0042657265,-0.024691936,-1.0,-1.0,1.0,1,0.024691936,-0.006018072325563021,0.018673863303089552,-1.7625187837721799
-0.06630775,-0.0021781537,-1.0,-1.0,-1.0,0,0.0021781537,-0.0,0.002178153721615672,-1.7603406300505642
0.00025677588,0.015674215,1.0,1.0,-1.0,1,0.015674215,-0.006018072325563021,0.00965614248456996,-1.7506844875659942
-0.042984035,-0.044968884,-1.0,-1.0,1.0,1,0.044968884,-0.006018072325563021,0.03895081211271327,-1.7117336754532808
-0.0021142075,0.02874939,-1.0,-1.0,-1.0,0,-0.02874939,-0.0,-0.028749389573931694,-1.7404830650272125
-0.007681855,0.009764334,-1.0,-1.0,-1.0,0,-0.009764334,-0.0,-0.009764334186911583,-1.750247399214124
-0.021483537,-0.0054159337,-1.0,-1.0,-1.0,0,0.0054159337,-0.0,0.005415933672338724,-1.7448314655417854
0.013706618,0.014009947,1.0,1.0,-1.0,1,0.014009947,-0.006018072325563021,0.007991874631667548,-1.7368395909101177
-0.0036971103,0.00693205,-1.0,-1.0,1.0,1,-0.00693205,-0.006018072325563021,-0.012950122315263338,-1.749789713225381
0.008795085,-0.013912489,1.0,1.0,-1.0,1,-0.013912489,-0.006018072325563021,-0.01993056103197295,-1.769720274257354
0.0038205422,-0.01410878,1.0,1.0,1.0,0,-0.01410878,-0.0,-0.014108779840171337,-1.7838290540975252
-0.004245365,-0.00932988,-1.0,-1.0,1.0,1,0.00932988,-0.006018072325563021,0.003311807330871038,-1.7805172467666541
-0.0046416977,-0.003317782,-1.0,-1.0,-1.0,0,0.003317782,-0.0,0.0033177819568663836,-1.7771994648097877
0.0005748831,0.012106176,1.0,1.0,-1.0,1,0.012106176,-0.006018072325563021,0.006088103208864145,-1.7711113616009235
-0.010703315,0.008706294,-1.0,-1.0,1.0,1,-0.008706294,-0.006018072325563021,-0.014724366325711793,-1.7858357279266353
0.01178508,0.013994853,1.0,1.0,-1.0,1,0.013994853,-0.006018072325563021,0.007976780686700755,-1.7778589472399344
-0.0019172356,-0.01873333,-1.0,-1.0,1.0,1,0.01873333,-0.006018072325563021,0.012715257745409422,-1.765143689494525
-0.0014614956,0.04884313,-1.0,-1.0,-1.0,0,-0.04884313,-0.0,-0.048843130469322205,-1.8139868199638471
0.0038330164,0.024072329,1.0,1.0,-1.0,1,0.024072329,-0.006018072325563021,0.018054256256843024,-1.795932563707004
-0.07623765,0.02401137,-1.0,-1.0,1.0,1,-0.02401137,-0.006018072325563021,-0.030029442120170183,-1.8259620058271742
0.0025252393,-0.009637407,1.0,1.0,-1.0,1,-0.009637407,-0.006018072325563021,-0.015655479352747984,-1.841617485179922
-0.01731906,0.030122759,-1.0,-1.0,1.0,1,-0.030122759,-0.006018072325563021,-0.03614083114621598,-1.877758316326138
-0.06679421,0.014727807,-1.0,-1.0,-1.0,0,-0.014727807,-0.0,-0.01472780667245388,-1.8924861229985919
-0.019829031,0.02787302,-1.0,-1.0,-1.0,0,-0.02787302,-0.0,-0.027873020619153976,-1.9203591436177458
0.005069888,0.04539918,1.0,1.0,-1.0,1,0.04539918,-0.006018072325563021,0.03938110921921771,-1.880978034398528
0.015679888,0.017063728,1.0,1.0,1.0,0,0.017063728,-0.0,0.017063727602362633,-1.8639143067961654
-0.0059219114,0.025495887,-1.0,-1.0,1.0,1,-0.025495887,-0.006018072325563021,-0.03151395912823636,-1.8954282659244017
-0.08738376,-0.03264516,-1.0,-1.0,-1.0,0,0.03264516,-0.0,0.03264515846967697,-1.8627831074547248
0.059342273,-0.01445373,1.0,1.0,-1.0,1,-0.01445373,-0.006018072325563021,-0.02047180194017846,-1.8832549093949031
0.030632436,-0.034246754,1.0,1.0,1.0,0,-0.034246754,-0.0,-0.03424675390124321,-1.9175016632961464
-0.015205451,-0.006613156,-1.0,-1.0,1.0,1,0.006613156,-0.006018072325563021,0.0005950835013632102,-1.916906579794783
0.00071531534,-0.021073576,1.0,1.0,-1.0,1,-0.021073576,-0.006018072325563021,-0.02709164838848073,-1.9439982281832637
0.044871286,-0.0058252593,1.0,1.0,1.0,0,-0.0058252593,-0.0,-0.005825259257107973,-1.9498234874403717
-0.0020342034,0.013539859,-1.0,-1.0,1.0,1,-0.013539859,-0.006018072325563021,-0.0195579314192887,-1.9693814188596603
-0.008218733,0.010511325,-1.0,-1.0,-1.0,0,-0.010511325,-0.0,-0.010511324740946293,-1.9798927436006066
-0.0012258422,0.0132202115,-1.0,-1.0,-1.0,0,-0.0132202115,-0.0,-0.013220211490988731,-1.9931129550915954
-0.0074213175,-0.027581396,-1.0,-1.0,-1.0,0,0.027581396,-0.0,0.02758139558136463,-1.9655315595102307
0.0033979816,0.0028887838,1.0,1.0,-1.0,1,0.0028887838,-0.006018072325563021,-0.003129288513040133,-1.9686608480232708
0.017052952,-0.010633256,1.0,1.0,1.0,0,-0.010633256,-0.0,-0.010633256286382675,-1.9792941043096535
-0.00018523354,0.0058139698,-1.0,-1.0,1.0,1,-0.0058139698,-0.006018072325563021,-0.011832042090421505,-1.991126146400075
-0.006240524,-0.0019342366,-1.0,-1.0,-1.0,0,0.0019342366,-0.0,0.0019342366140335798,-1.9891919097860413
-0.004596725,-0.019550964,-1.0,-1.0,-1.0,0,0.019550964,-0.0,0.01955096423625946,-1.9696409455497819
0.008143893,0.027265564,1.0,1.0,-1.0,1,0.027265564,-0.006018072325563021,0.02124749128165286,-1.948393454268129
-0.02894251,-0.013539859,-1.0,-1.0,1.0,1,0.013539859,-0.006018072325563021,0.00752178676816266,-1.9408716674999662
-0.010045845,-0.012739026,-1.0,-1.0,-1.0,0,0.012739026,-0.0,0.012739025987684727,-1.9281326415122815
-0.011708592,-0.0049431636,-1.0,-1.0,-1.0,0,0.0049431636,-0.0,0.004943163599818945,-1.9231894779124625
-0.002994678,-0.0029776697,-1.0,-1.0,-1.0,0,0.0029776697,-0.0,0.0029776697047054768,-1.920211808207757
0.0033270624,0.031313714,1.0,1.0,-1.0,1,0.031313714,-0.006018072325563021,0.025295641314411574,-1.8949161668933454
0.0010559717,0.0019249284,1.0,1.0,1.0,0,0.0019249284,-0.0,0.0019249283941462636,-1.8929912384991991
-0.0010520341,0.007662873,-1.0,-1.0,1.0,1,-0.007662873,-0.006018072325563021,-0.013680945109402723,-1.9066721836086018
-0.019525874,-0.06453852,-1.0,-1.0,-1.0,0,0.06453852,-0.0,0.06453852355480194,-1.8421336600537999
0.07205545,-0.019527856,1.0,1.0,-1.0,1,-0.019527856,-0.006018072325563021,-0.02554592858610112,-1.867679588639901
-0.000030911528,-0.03646375,-1.0,-1.0,1.0,1,0.03646375,-0.006018072325563021,0.030445676338100844,-1.8372339123018
-0.11634637,0.01070674,-1.0,-1.0,-1.0,0,-0.01070674,-0.0,-0.01070674043148756,-1.8479406527332876
-0.028974049,-0.017186245,-1.0,-1.0,-1.0,0,0.017186245,-0.0,0.017186244949698448,-1.830754407783589
0.00727602,0.017186245,1.0,1.0,-1.0,1,0.017186245,-0.006018072325563021,0.011168172624135428,-1.8195862351594536
-0.010988528,0.014799424,-1.0,-1.0,1.0,1,-0.014799424,-0.006018072325563021,-0.020817496772682256,-1.8404037319321358
-0.0031492608,0.023335256,-1.0,-1.0,-1.0,0,-0.023335256,-0.0,-0.023335255682468414,-1.8637389876146042
0.028044075,0.025804618,1.0,1.0,-1.0,1,0.025804618,-0.006018072325563021,0.0197865460479502,-1.843952441566654
0.024667516,-0.028884703,1.0,1.0,1.0,0,-0.028884703,-0.0,-0.028884703293442726,-1.8728371448600967
0.024881754,0.016318567,1.0,1.0,1.0,0,0.016318567,-0.0,0.016318567097187042,-1.8565185777629096
-0.011296299,0.0025258916,-1.0,-1.0,1.0,1,-0.0025258916,-0.006018072325563021,-0.00854396396858055,-1.86506254173149
0.012731095,-0.01781671,1.0,1.0,-1.0,1,-0.01781671,-0.006018072325563021,-0.023834781680082864,-1.888897323411573
-0.051908158,-0.0056657377,-1.0,-1.0,1.0,1,0.0056657377,-0.006018072325563021,-0.0003523346556480603,-1.889249658067221
-0.008147701,-0.0245764,-1.0,-1.0,-1.0,0,0.0245764,-0.0,0.024576399475336075,-1.8646732585918848
0.010803645,-0.025738686,1.0,1.0,-1.0,1,-0.025738686,-0.006018072325563021,-0.031756758648728914,-1.8964300172406137
0.0617735,-0.02030248,1.0,1.0,1.0,0,-0.02030248,-0.0,-0.020302480086684227,-1.916732497327298
0.017079633,-0.0011092625,1.0,1.0,1.0,0,-0.0011092625,-0.0,-0.0011092624627053738,-1.9178417597900033
0.0057530506,0.10374989,1.0,1.0,1.0,0,0.10374989,-0.0,0.10374989360570908,-1.8140918661842942
-0.08108694,0.009459866,-1.0,-1.0,1.0,1,-0.009459866,-0.006018072325563021,-0.015477938536381311,-1.8295698047206754
-0.010849127,0.036013626,-1.0,-1.0,-1.0,0,-0.036013626,-0.0,-0.03601362556219101,-1.8655834302828664
-0.106981955,0.013295542,-1.0,-1.0,-1.0,0,-0.013295542,-0.0,-0.013295542448759079,-1.8788789727316255
-0.027931541,-0.012339977,-1.0,-1.0,-1.0,0,0.012339977,-0.0,0.012339976616203785,-1.8665389961154217
0.0338789,0.016106458,1.0,1.0,-1.0,1,0.016106458,-0.006018072325563021,0.010088386055255347,-1.8564506100601663
-0.00517941,-0.012293299,-1.0,-1.0,1.0,1,0.012293299,-0.006018072325563021,0.006275226403201036,-1.8501753836569652
-0.023767632,0.014171233,-1.0,-1.0,-1.0,0,-0.014171233,-0.0,-0.014171233400702477,-1.8643466170576677
-0.011365516,-0.0151231615,-1.0,-1.0,-1.0,0,0.0151231615,-0.0,0.015123161487281322,-1.8492234555703864
-0.011823406,0.00095192774,-1.0,-1.0,-1.0,0,-0.00095192774,-0.0,-0.0009519277373328805,-1.8501753833077192
0.006393713,0.0,1.0,1.0,-1.0,1,0.0,-0.006018072325563021,-0.006018072325563021,-1.8561934556332822
0.0058220774,-0.02310016,1.0,1.0,1.0,0,-0.02310016,-0.0,-0.02310016006231308,-1.8792936156955953
-0.020012163,0.024051184,-1.0,-1.0,1.0,1,-0.024051184,-0.006018072325563021,-0.030069256160234994,-1.9093628718558302
-0.021308322,-0.033835996,-1.0,-1.0,-1.0,0,0.033835996,-0.0,0.0338359959423542,-1.875526875913476
0.015147357,0.01754431,1.0,1.0,-1.0,1,0.01754431,-0.006018072325563021,0.011526238214397841,-1.864000637699078
-0.005686056,-0.028419355,-1.0,-1.0,1.0,1,0.028419355,-0.006018072325563021,0.022401282604957037,-1.841599355094121
-0.035820127,-0.0059820716,-1.0,-1.0,-1.0,0,0.0059820716,-0.0,0.005982071626931429,-1.8356172834671896
-0.0069963913,-0.009545413,-1.0,-1.0,-1.0,0,0.009545413,-0.0,0.009545412845909595,-1.82607187062128
0.033093154,0.0115434155,1.0,1.0,-1.0,1,0.0115434155,-0.006018072325563021,0.00552534316124957,-1.8205465274600303
-0.004538875,0.056270905,-1.0,-1.0,1.0,1,-0.056270905,-0.006018072325563021,-0.06228897716460187,-1.8828355046246321
-0.059051245,0.016838564,-1.0,-1.0,-1.0,0,-0.016838564,-0.0,-0.016838563606142998,-1.8996740682307751
-0.045427367,0.12946469,-1.0,-1.0,-1.0,0,-0.12946469,-0.0,-0.12946468591690063,-2.0291387541476755
-0.053610608,-0.011475536,-1.0,-1.0,-1.0,0,0.011475536,-0.0,0.011475536040961742,-2.017663218106714
-0.15792206,-0.035238545,-1.0,-1.0,-1.0,0,0.035238545,-0.0,0.03523854538798332,-1.9824246727187305
-0.013038424,-0.018096142,-1.0,-1.0,-1.0,0,0.018096142,-0.0,0.018096141517162323,-1.9643285312015681
0.014766215,-0.0739742,1.0,1.0,-1.0,1,-0.0739742,-0.006018072325563021,-0.07999227191863019,-2.0443208031201983
-0.021915719,-0.048930623,-1.0,-1.0,1.0,1,0.048930623,-0.006018072325563021,0.04291255031170886,-2.0014082528084893
0.11250104,0.01754431,1.0,1.0,-1.0,1,0.01754431,-0.006018072325563021,0.011526238214397841,-1.9898820145940914
0.06398469,-0.00873368,1.0,1.0,1.0,0,-0.00873368,-0.0,-0.008733679540455341,-1.9986156941345468
-0.0035583405,0.06325846,-1.0,-1.0,1.0,1,-0.06325846,-0.006018072325563021,-0.06927653397974927,-2.067892228114296
0.014319477,-0.02783111,1.0,1.0,-1.0,1,-0.02783111,-0.006018072325563021,-0.03384918156621415,-2.10174140968051
-0.018091913,0.008430963,-1.0,-1.0,1.0,1,-0.008430963,-0.006018072325563021,-0.014449035707687921,-2.116190445388198
0.0015802821,0.04736769,1.0,1.0,-1.0,1,0.04736769,-0.006018072325563021,0.04134961594286006,-2.0748408294453378
0.01609477,-0.027053047,1.0,1.0,1.0,0,-0.027053047,-0.0,-0.027053046971559525,-2.1018938764168973
-0.014873727,0.010004631,-1.0,-1.0,1.0,1,-0.010004631,-0.006018072325563021,-0.016022703569209165,-2.1179165799861064
0.052763596,-0.015504187,1.0,1.0,-1.0,1,-0.015504187,-0.006018072325563021,-0.02152225929853875,-2.139438839284645
-0.015932035,0.015504187,-1.0,-1.0,1.0,1,-0.015504187,-0.006018072325563021,-0.02152225929853875,-2.1609610985831837
-0.013974285,0.025023647,-1.0,-1.0,-1.0,0,-0.025023647,-0.0,-0.025023646652698517,-2.1859847452358823
-0.034018148,0.020961465,-1.0,-1.0,-1.0,0,-0.020961465,-0.0,-0.020961465314030647,-2.206946210549913
-0.0041117603,-0.0017301042,-1.0,-1.0,-1.0,0,0.0017301042,-0.0,0.0017301042098551989,-2.2052161063400577
-0.0013478259,-0.038839832,-1.0,-1.0,-1.0,0,0.038839832,-0.0,0.038839831948280334,-2.1663762743917774
0.011628284,-0.033870514,1.0,1.0,-1.0,1,-0.033870514,-0.006018072325563021,-0.03988858680782277,-2.2062648611996
0.005885686,0.011111225,1.0,1.0,1.0,0,0.011111225,-0.0,0.011111225001513958,-2.195153636198086
-0.0070449887,-0.025176154,-1.0,-1.0,1.0,1,0.025176154,-0.006018072325563021,0.01915808212401908,-2.175995554074067
-0.05792804,-0.0028368814,-1.0,-1.0,-1.0,0,0.0028368814,-0.0,0.0028368814382702112,-2.1731586726357968
0.0061482694,-0.05498831,1.0,1.0,-1.0,1,-0.05498831,-0.006018072325563021,-0.06100638206658322,-2.23416505470238
0.02650731,-0.03202307,1.0,1.0,1.0,0,-0.03202307,-0.0,-0.03202306851744652,-2.2661881232198264
